,Scenario,Trial,Inspection,Interval,Time,Defects,Rate
0,195,1,1,5,5,2,50
1,195,1,2,7,12,0,70
2,195,1,3,5,17,0,50
3,195,1,4,2,19,0,20
4,195,1,5,3,22,0,30
5,195,1,6,7,29,11,70
6,195,1,7,2,31,0,20
7,195,1,8,9,40,6,90
8,195,1,9,2,42,1,20
9,195,1,10,9,51,4,90
10,195,1,11,8,59,5,80
11,195,1,12,7,66,3,70
12,195,1,13,6,72,3,60
13,195,1,14,2,74,1,20
14,195,1,15,2,76,0,20
15,195,1,16,3,79,2,30
16,195,1,17,8,87,0,80
17,195,1,18,6,93,9,60
18,195,1,19,8,101,2,80
19,195,1,20,6,107,2,60
20,195,1,21,9,116,4,90
21,195,1,22,3,119,0,30
22,195,1,23,5,124,0,50
23,195,1,24,3,127,6,30
24,195,1,25,2,129,0,20
25,195,1,26,7,136,0,70
26,195,1,27,2,138,9,20
27,195,1,28,8,146,0,80
28,195,1,29,5,151,3,50
29,195,1,30,2,153,1,20
30,195,1,31,4,157,0,40
31,195,1,32,9,166,0,90
32,195,1,33,9,175,8,90
33,195,1,34,5,180,4,50
34,195,1,35,8,188,0,80
35,195,1,36,4,192,0,40
36,195,1,37,9,201,0,90
37,195,1,38,5,206,0,50
38,195,1,39,2,208,0,20
39,195,1,40,3,211,12,30
40,195,1,41,7,218,4,70
41,195,1,42,9,227,7,90
42,195,1,43,6,233,5,60
43,195,1,44,8,241,0,80
44,195,1,45,6,247,0,60
45,195,1,46,2,249,10,20
46,195,1,47,2,251,0,20
47,195,1,48,6,257,3,60
48,195,1,49,7,264,0,70
49,195,1,50,6,270,0,60
50,195,1,51,3,273,0,30
51,195,1,52,8,281,14,80
52,195,1,53,4,285,0,40
53,195,1,54,5,290,4,50
54,195,1,55,8,298,0,80
55,195,1,56,8,306,9,80
56,195,1,57,2,308,3,20
57,195,1,58,5,313,3,50
58,195,1,59,3,316,0,30
59,195,1,60,3,319,0,30
60,195,1,61,2,321,0,20
61,195,1,62,7,328,4,70
62,195,1,63,3,331,0,30
63,195,1,64,9,340,4,90
64,195,1,65,7,347,2,70
65,195,1,66,4,351,0,40
66,195,1,67,8,359,7,80
67,195,1,68,3,362,2,30
68,195,1,69,2,364,0,20
69,195,1,70,5,369,0,50
70,195,1,71,2,371,0,20
71,195,1,72,3,374,0,30
72,195,1,73,8,382,0,80
73,195,1,74,5,387,0,50
74,195,1,75,8,395,13,80
75,195,1,76,6,401,0,60
76,195,1,77,5,406,0,50
77,195,1,78,8,414,0,80
78,195,1,79,2,416,16,20
79,195,1,80,4,420,0,40
80,195,1,81,4,424,0,40
81,195,1,82,9,433,0,90
82,195,1,83,3,436,11,30
83,195,1,84,4,440,1,40
84,195,1,85,4,444,3,40
85,195,1,86,9,453,5,90
86,195,1,87,6,459,7,60
87,195,1,88,2,461,0,20
88,195,1,89,2,463,4,20
89,195,1,90,3,466,1,30
90,195,1,91,4,470,0,40
91,195,1,92,8,478,5,80
92,195,1,93,8,486,3,80
93,195,1,94,6,492,0,60
94,195,1,95,4,496,0,40
95,195,1,96,3,499,0,30
96,195,1,97,7,506,0,70
97,195,1,98,9,515,0,90
98,195,1,99,2,517,0,20
99,195,1,100,8,525,0,80
100,195,1,101,7,532,0,70
101,195,1,102,6,538,0,60
102,195,1,103,6,544,0,60
103,195,1,104,9,553,34,90
104,195,1,105,4,557,0,40
105,195,1,106,2,559,3,20
106,195,1,107,7,566,4,70
107,195,1,108,6,572,1,60
108,195,1,109,2,574,0,20
109,195,1,110,6,580,0,60
110,195,1,111,7,587,0,70
111,195,1,112,9,596,10,90
112,195,1,113,5,601,0,50
113,195,1,114,5,606,0,50
114,195,1,115,6,612,4,60
115,195,1,116,6,618,4,60
116,195,1,117,4,622,0,40
117,195,1,118,3,625,0,30
118,195,1,119,2,627,6,20
119,195,1,120,4,631,2,40
120,195,1,121,9,640,7,90
121,195,1,122,6,646,4,60
122,195,1,123,4,650,0,40
123,195,1,124,3,653,0,30
124,195,1,125,7,660,7,70
125,195,1,126,7,667,0,70
126,195,1,127,8,675,4,80
127,195,1,128,5,680,3,50
128,195,1,129,5,685,3,50
129,195,1,130,7,692,2,70
130,195,1,131,7,699,4,70
131,195,1,132,4,703,0,40
132,195,1,133,5,708,0,50
133,195,1,134,3,711,1,30
134,195,1,135,3,714,0,30
135,195,1,136,7,721,2,70
136,195,1,137,7,728,0,70
137,195,1,138,4,732,0,40
138,195,1,139,6,738,0,60
139,195,1,140,4,742,7,40
140,195,1,141,9,751,5,90
141,195,1,142,2,753,0,20
142,195,1,143,9,762,4,90
143,195,1,144,4,766,0,40
144,195,1,145,9,775,0,90
145,195,1,146,2,777,0,20
146,195,1,147,7,784,6,70
147,195,1,148,4,788,2,40
148,195,1,149,7,795,6,70
149,195,1,150,7,802,2,70
150,195,1,151,5,807,7,50
151,195,1,152,5,812,2,50
152,195,1,153,6,818,1,60
153,195,1,154,7,825,0,70
154,195,1,155,9,834,0,90
155,195,1,156,5,839,12,50
156,195,1,157,9,848,0,90
157,195,1,158,4,852,6,40
158,195,1,159,5,857,3,50
159,195,1,160,2,859,1,20
160,195,1,161,6,865,2,60
161,195,1,162,5,870,0,50
162,195,1,163,2,872,7,20
163,195,1,164,3,875,0,30
164,195,1,165,9,884,0,90
165,195,1,166,8,892,8,80
166,195,1,167,9,901,0,90
167,195,1,168,5,906,8,50
168,195,1,169,4,910,0,40
169,195,1,170,3,913,2,30
170,195,1,171,5,918,0,50
171,195,1,172,6,924,0,60
172,195,1,173,9,933,0,90
173,195,1,174,2,935,13,20
174,195,1,175,7,942,4,70
175,195,1,176,5,947,3,50
176,195,1,177,4,951,0,40
177,195,1,178,2,953,0,20
178,195,1,179,2,955,4,20
179,195,1,180,9,964,0,90
180,195,1,181,5,969,7,50
181,195,1,182,3,972,0,30
182,195,1,183,4,976,0,40
183,195,1,184,3,979,3,30
184,195,1,185,9,988,2,90
185,195,1,186,9,997,0,90
186,195,1,187,3,1000,0,30
187,195,1,188,4,1004,0,40
188,195,1,189,7,1011,19,70
189,195,1,190,9,1020,0,90
190,195,1,191,8,1028,0,80
191,195,1,192,2,1030,0,20
192,195,1,193,6,1036,0,60
193,195,1,194,5,1041,15,50
194,195,1,195,9,1050,0,90
195,195,1,196,8,1058,8,80
196,195,1,197,3,1061,0,30
197,195,1,198,3,1064,1,30
198,195,1,199,8,1072,8,80
199,195,1,200,6,1078,0,60
200,195,1,201,9,1087,4,90
201,195,1,202,8,1095,3,80
202,195,1,203,4,1099,1,40
203,195,1,204,3,1102,0,30
204,195,1,205,4,1106,1,40
205,195,1,206,2,1108,0,20
206,195,1,207,7,1115,3,70
207,195,1,208,9,1124,2,90
208,195,1,209,3,1127,3,30
209,195,1,210,6,1133,0,60
210,195,1,211,6,1139,0,60
211,195,1,212,4,1143,0,40
212,195,1,213,6,1149,0,60
213,195,1,214,8,1157,0,80
214,195,1,215,6,1163,18,60
215,195,1,216,9,1172,2,90
216,195,1,217,6,1178,0,60
217,195,1,218,2,1180,5,20
218,195,1,219,6,1186,0,60
219,195,1,220,8,1194,7,80
220,195,1,221,4,1198,0,40
221,195,1,222,6,1204,0,60
222,195,1,223,7,1211,4,70
223,195,1,224,5,1216,0,50
224,195,1,225,6,1222,0,60
225,195,1,226,9,1231,0,90
226,195,1,227,5,1236,17,50
227,195,1,228,7,1243,0,70
228,195,1,229,4,1247,0,40
229,195,1,230,4,1251,7,40
230,195,1,231,3,1254,0,30
231,195,1,232,7,1261,0,70
232,195,1,233,7,1268,0,70
233,195,1,234,8,1276,0,80
234,195,1,235,7,1283,0,70
235,195,1,236,2,1285,0,20
236,195,1,237,3,1288,25,30
237,195,1,238,4,1292,0,40
238,195,1,239,6,1298,0,60
239,195,1,240,3,1301,6,30
240,195,1,241,9,1310,0,90
241,195,1,242,6,1316,0,60
242,195,1,243,4,1320,8,40
243,195,1,244,8,1328,0,80
244,195,1,245,7,1335,0,70
245,195,1,246,5,1340,0,50
246,195,1,247,3,1343,0,30
247,195,1,248,3,1346,14,30
248,195,1,249,5,1351,0,50
249,195,1,250,8,1359,0,80
250,195,1,251,6,1365,0,60
251,195,1,252,7,1372,20,70
252,195,1,253,2,1374,0,20
253,195,1,254,2,1376,1,20
254,195,1,255,2,1378,2,20
255,195,1,256,7,1385,0,70
256,195,1,257,8,1393,10,80
257,195,1,258,5,1398,1,50
258,195,1,259,5,1403,1,50
259,195,1,260,7,1410,3,70
260,195,1,261,9,1419,0,90
261,195,1,262,7,1426,0,70
262,195,1,263,5,1431,0,50
263,195,1,264,9,1440,20,90
264,195,1,265,4,1444,0,40
265,195,1,266,3,1447,2,30
266,195,1,267,5,1452,0,50
267,195,1,268,6,1458,7,60
268,195,1,269,5,1463,0,50
269,195,1,270,8,1471,7,80
270,195,1,271,8,1479,0,80
271,195,1,272,9,1488,0,90
272,195,1,273,4,1492,0,40
273,195,1,274,4,1496,0,40
274,195,1,275,5,1501,0,50
275,195,1,276,9,1510,0,90
276,195,1,277,6,1516,23,60
277,195,1,278,9,1525,3,90
278,195,1,279,4,1529,0,40
279,195,1,280,2,1531,3,20
280,195,1,281,4,1535,0,40
281,195,1,282,3,1538,8,30
282,195,1,283,7,1545,0,70
283,195,1,284,4,1549,0,40
284,195,1,285,4,1553,6,40
285,195,1,286,6,1559,7,60
286,195,1,287,6,1565,0,60
287,195,1,288,4,1569,0,40
288,195,1,289,4,1573,0,40
289,195,1,290,4,1577,0,40
290,195,1,291,6,1583,15,60
291,195,1,292,2,1585,0,20
292,195,1,293,3,1588,0,30
293,195,1,294,4,1592,0,40
294,195,1,295,3,1595,0,30
295,195,1,296,6,1601,10,60
296,195,1,297,6,1607,0,60
297,195,1,298,9,1616,0,90
298,195,1,299,9,1625,6,90
299,195,1,300,5,1630,1,50
300,195,1,301,9,1639,2,90
301,195,1,302,6,1645,0,60
302,195,1,303,6,1651,0,60
303,195,1,304,5,1656,9,50
304,195,1,305,9,1665,3,90
305,195,1,306,5,1670,0,50
306,195,1,307,9,1679,6,90
307,195,1,308,2,1681,0,20
308,195,1,309,3,1684,0,30
309,195,1,310,7,1691,0,70
310,195,1,311,5,1696,0,50
311,195,1,312,4,1700,0,40
312,195,1,313,7,1707,14,70
313,195,1,314,3,1710,1,30
314,195,1,315,9,1719,8,90
315,195,1,316,9,1728,0,90
316,195,1,317,3,1731,0,30
317,195,1,318,4,1735,6,40
318,195,1,319,2,1737,1,20
319,195,1,320,7,1744,2,70
320,195,1,321,4,1748,0,40
321,195,1,322,7,1755,5,70
322,195,1,323,6,1761,0,60
323,195,1,324,8,1769,0,80
324,195,1,325,6,1775,0,60
325,195,1,326,4,1779,0,40
326,195,1,327,8,1787,0,80
327,195,1,328,2,1789,0,20
328,195,1,329,5,1794,17,50
329,195,1,330,2,1796,0,20
330,195,1,331,9,1805,0,90
331,195,1,332,7,1812,8,70
332,195,1,333,7,1819,2,70
333,195,1,334,9,1828,0,90
334,195,1,335,2,1830,2,20
335,195,1,336,5,1835,0,50
336,195,1,337,3,1838,0,30
337,195,1,338,9,1847,10,90
338,195,1,339,8,1855,0,80
339,195,1,340,7,1862,5,70
340,195,1,341,8,1870,8,80
341,195,1,342,9,1879,0,90
342,195,1,343,9,1888,7,90
343,195,1,344,7,1895,2,70
344,195,1,345,2,1897,0,20
345,195,1,346,3,1900,0,30
346,195,1,347,7,1907,0,70
347,195,1,348,4,1911,8,40
348,195,1,349,3,1914,0,30
349,195,1,350,2,1916,0,20
350,195,1,351,8,1924,0,80
351,195,1,352,5,1929,0,50
352,195,1,353,5,1934,0,50
353,195,1,354,4,1938,0,40
354,195,1,355,8,1946,0,80
355,195,1,356,5,1951,0,50
356,195,1,357,2,1953,18,20
357,195,1,358,6,1959,7,60
358,195,1,359,9,1968,0,90
359,195,1,360,8,1976,0,80
360,195,1,361,2,1978,10,20
361,195,1,362,6,1984,0,60
362,195,1,363,8,1992,18,80
363,195,1,364,8,2000,0,80
364,195,1,365,9,2009,0,90
365,195,1,366,3,2012,12,30
366,195,1,367,6,2018,0,60
367,195,1,368,6,2024,0,60
368,195,1,369,9,2033,12,90
369,195,1,370,7,2040,4,70
370,195,1,371,9,2049,0,90
371,195,1,372,8,2057,12,80
372,195,1,373,7,2064,4,70
373,195,1,374,7,2071,0,70
374,195,1,375,9,2080,0,90
375,195,1,376,8,2088,14,80
376,195,1,377,3,2091,0,30
377,195,1,378,4,2095,3,40
378,195,1,379,4,2099,0,40
379,195,1,380,3,2102,5,30
380,195,1,381,2,2104,1,20
381,195,1,382,6,2110,0,60
382,195,1,383,9,2119,11,90
383,195,1,384,9,2128,0,90
384,195,1,385,6,2134,5,60
385,195,1,386,7,2141,0,70
386,195,1,387,6,2147,0,60
387,195,1,388,8,2155,13,80
388,195,1,389,4,2159,0,40
389,195,1,390,5,2164,0,50
390,195,1,391,4,2168,0,40
391,195,1,392,8,2176,5,80
392,195,1,393,2,2178,0,20
393,195,1,394,9,2187,5,90
394,195,1,395,6,2193,5,60
395,195,1,396,2,2195,0,20
396,195,1,397,7,2202,0,70
397,195,1,398,3,2205,0,30
398,195,1,399,2,2207,10,20
399,195,1,400,2,2209,0,20
400,195,1,401,7,2216,5,70
401,195,1,402,2,2218,2,20
402,195,1,403,3,2221,0,30
403,195,1,404,6,2227,0,60
404,195,1,405,6,2233,0,60
405,195,1,406,9,2242,0,90
406,195,1,407,8,2250,0,80
407,195,1,408,5,2255,16,50
408,195,1,409,5,2260,0,50
409,195,1,410,2,2262,0,20
410,195,1,411,5,2267,5,50
411,195,1,412,9,2276,0,90
412,195,1,413,3,2279,0,30
413,195,1,414,8,2287,0,80
414,195,1,415,6,2293,11,60
415,195,1,416,2,2295,3,20
416,195,1,417,4,2299,0,40
417,195,1,418,7,2306,4,70
418,195,1,419,9,2315,0,90
419,195,1,420,5,2320,3,50
420,195,1,421,9,2329,0,90
421,195,1,422,9,2338,5,90
422,195,1,423,2,2340,0,20
423,195,1,424,8,2348,9,80
424,195,1,425,4,2352,1,40
425,195,1,426,7,2359,0,70
426,195,1,427,9,2368,7,90
427,195,1,428,4,2372,4,40
428,195,1,429,7,2379,0,70
429,195,1,430,7,2386,10,70
430,195,1,431,4,2390,0,40
431,195,1,432,5,2395,0,50
432,195,1,433,6,2401,7,60
433,195,1,434,6,2407,0,60
434,195,1,435,7,2414,0,70
435,195,1,436,3,2417,9,30
436,195,1,437,3,2420,1,30
437,195,1,438,6,2426,0,60
438,195,1,439,4,2430,0,40
439,195,1,440,4,2434,0,40
440,195,1,441,4,2438,0,40
441,195,1,442,7,2445,0,70
442,195,1,443,8,2453,0,80
443,195,1,444,6,2459,15,60
444,195,1,445,5,2464,0,50
445,195,1,446,8,2472,0,80
446,195,1,447,5,2477,0,50
447,195,1,448,3,2480,0,30
448,195,1,449,3,2483,10,30
449,195,1,450,4,2487,0,40
450,195,1,451,3,2490,0,30
451,195,1,452,6,2496,0,60
452,195,1,453,8,2504,0,80
453,195,1,454,8,2512,0,80
454,195,1,455,5,2517,18,50
455,195,1,456,3,2520,4,30
456,195,1,457,9,2529,4,90
457,195,1,458,9,2538,7,90
458,195,1,459,3,2541,0,30
459,195,1,460,5,2546,0,50
460,195,1,461,2,2548,0,20
461,195,1,462,8,2556,8,80
462,195,1,463,8,2564,0,80
463,195,1,464,7,2571,0,70
464,195,1,465,4,2575,0,40
465,195,1,466,4,2579,11,40
466,195,1,467,9,2588,0,90
467,195,1,468,7,2595,11,70
468,195,1,469,5,2600,0,50
469,195,1,470,8,2608,8,80
470,195,1,471,4,2612,3,40
471,195,1,472,9,2621,0,90
472,195,1,473,5,2626,0,50
473,195,1,474,4,2630,0,40
474,195,1,475,5,2635,0,50
475,195,1,476,5,2640,17,50
476,195,1,477,7,2647,0,70
477,195,1,478,5,2652,6,50
478,195,1,479,3,2655,0,30
479,195,1,480,9,2664,6,90
480,195,1,481,9,2673,0,90
481,195,1,482,9,2682,5,90
482,195,1,483,3,2685,0,30
483,195,1,484,9,2694,0,90
484,195,1,485,6,2700,0,60
485,195,1,486,2,2702,0,20
486,195,1,487,5,2707,15,50
487,195,1,488,6,2713,0,60
488,195,1,489,5,2718,0,50
489,195,1,490,2,2720,0,20
490,195,1,491,8,2728,0,80
491,195,1,492,9,2737,0,90
492,195,1,493,8,2745,17,80
493,195,1,494,2,2747,3,20
494,195,1,495,4,2751,0,40
495,195,1,496,9,2760,0,90
496,195,1,497,8,2768,14,80
497,195,1,498,2,2770,0,20
498,195,1,499,6,2776,7,60
499,195,1,500,5,2781,4,50
500,195,1,501,3,2784,0,30
501,195,1,502,5,2789,0,50
502,195,1,503,6,2795,0,60
503,195,1,504,8,2803,9,80
504,195,1,505,8,2811,2,80
505,195,1,506,9,2820,0,90
506,195,1,507,4,2824,2,40
507,195,1,508,2,2826,2,20
508,195,1,509,5,2831,4,50
509,195,1,510,2,2833,1,20
510,195,1,511,5,2838,3,50
511,195,1,512,5,2843,0,50
512,195,1,513,6,2849,0,60
513,195,1,514,4,2853,0,40
514,195,1,515,9,2862,12,90
515,195,1,516,8,2870,0,80
516,195,1,517,4,2874,0,40
517,195,1,518,5,2879,7,50
518,195,1,519,9,2888,0,90
519,195,1,520,7,2895,7,70
520,195,1,521,5,2900,3,50
521,195,1,522,4,2904,1,40
522,195,1,523,7,2911,3,70
523,195,1,524,8,2919,2,80
524,195,1,525,8,2927,0,80
525,195,1,526,3,2930,6,30
526,195,1,527,8,2938,4,80
527,195,1,528,9,2947,8,90
528,195,1,529,8,2955,0,80
529,195,1,530,7,2962,7,70
530,195,1,531,5,2967,0,50
531,195,1,532,5,2972,0,50
532,195,1,533,7,2979,5,70
533,195,1,534,4,2983,0,40
534,195,1,535,3,2986,0,30
535,195,1,536,8,2994,5,80
536,195,1,537,4,2998,0,40
537,195,1,538,3,3001,0,30
538,195,1,539,4,3005,0,40
539,195,1,540,7,3012,0,70
540,195,1,541,2,3014,0,20
541,195,1,542,7,3021,0,70
542,195,1,543,2,3023,14,20
543,195,1,544,4,3027,3,40
544,195,1,545,6,3033,4,60
545,195,1,546,5,3038,0,50
546,195,1,547,2,3040,0,20
547,195,1,548,5,3045,0,50
548,195,1,549,9,3054,0,90
549,195,1,550,3,3057,0,30
550,195,1,551,6,3063,13,60
551,195,1,552,5,3068,0,50
552,195,1,553,3,3071,0,30
553,195,1,554,2,3073,0,20
554,195,1,555,2,3075,0,20
555,195,1,556,3,3078,0,30
556,195,1,557,8,3086,0,80
557,195,1,558,3,3089,0,30
558,195,1,559,5,3094,19,50
559,195,1,560,2,3096,0,20
560,195,1,561,7,3103,0,70
561,195,1,562,2,3105,0,20
562,195,1,563,8,3113,10,80
563,195,1,564,2,3115,0,20
564,195,1,565,6,3121,0,60
565,195,1,566,2,3123,0,20
566,195,1,567,5,3128,6,50
567,195,1,568,6,3134,2,60
568,195,1,569,7,3141,5,70
569,195,1,570,5,3146,0,50
570,195,1,571,4,3150,0,40
571,195,1,572,2,3152,0,20
572,195,1,573,8,3160,0,80
573,195,1,574,4,3164,0,40
574,195,1,575,9,3173,12,90
575,195,1,576,6,3179,0,60
576,195,1,577,8,3187,10,80
577,195,1,578,7,3194,0,70
578,195,1,579,2,3196,1,20
579,195,1,580,4,3200,3,40
580,195,1,581,9,3209,5,90
581,195,1,582,9,3218,0,90
582,195,1,583,8,3226,0,80
583,195,1,584,7,3233,13,70
584,195,1,585,8,3241,0,80
585,195,1,586,8,3249,0,80
586,195,1,587,3,3252,0,30
587,195,1,588,6,3258,0,60
588,195,1,589,3,3261,0,30
589,195,1,590,8,3269,21,80
590,195,1,591,9,3278,0,90
591,195,1,592,2,3280,6,20
592,195,1,593,8,3288,3,80
593,195,1,594,6,3294,4,60
594,195,1,595,9,3303,0,90
595,195,1,596,5,3308,0,50
596,195,1,597,7,3315,6,70
597,195,1,598,8,3323,5,80
598,195,1,599,7,3330,5,70
599,195,1,600,9,3339,0,90
600,195,1,601,2,3341,0,20
601,195,1,602,8,3349,0,80
602,195,1,603,7,3356,0,70
603,195,1,604,9,3365,16,90
604,195,1,605,4,3369,0,40
605,195,1,606,4,3373,0,40
606,195,1,607,2,3375,0,20
607,195,1,608,2,3377,4,20
608,195,1,609,6,3383,0,60
609,195,1,610,7,3390,8,70
610,195,1,611,9,3399,6,90
611,195,1,612,4,3403,3,40
612,195,1,613,5,3408,1,50
613,195,1,614,9,3417,0,90
614,195,1,615,7,3424,2,70
615,195,1,616,2,3426,0,20
616,195,1,617,3,3429,0,30
617,195,1,618,2,3431,0,20
618,195,1,619,2,3433,3,20
619,195,1,620,7,3440,5,70
620,195,1,621,2,3442,2,20
621,195,1,622,5,3447,0,50
622,195,1,623,9,3456,0,90
623,195,1,624,3,3459,0,30
624,195,1,625,6,3465,0,60
625,195,1,626,2,3467,0,20
626,195,1,627,4,3471,13,40
627,195,1,628,3,3474,0,30
628,195,1,629,9,3483,0,90
629,195,1,630,3,3486,8,30
630,195,1,631,3,3489,0,30
631,195,1,632,8,3497,0,80
632,195,1,633,5,3502,8,50
633,195,1,634,4,3506,0,40
634,195,1,635,9,3515,5,90
635,195,1,636,3,3518,2,30
636,195,1,637,9,3527,8,90
637,195,1,638,3,3530,2,30
638,195,1,639,8,3538,0,80
639,195,1,640,4,3542,7,40
640,195,1,641,8,3550,2,80
641,195,1,642,9,3559,4,90
642,195,1,643,2,3561,0,20
643,195,1,644,7,3568,0,70
644,195,1,645,2,3570,0,20
645,195,1,646,4,3574,0,40
646,195,1,647,8,3582,0,80
647,195,1,648,2,3584,0,20
648,195,1,649,6,3590,0,60
649,195,1,650,6,3596,0,60
650,195,1,651,4,3600,16,40
651,195,1,652,7,3607,0,70
652,195,1,653,6,3613,8,60
653,195,1,654,4,3617,2,40
654,195,1,655,4,3621,0,40
655,195,1,656,7,3628,0,70
656,195,1,657,9,3637,0,90
657,195,1,658,3,3640,8,30
658,195,1,659,4,3644,0,40
659,195,1,660,8,3652,0,80
660,195,1,661,5,3657,0,50
661,195,1,662,6,3663,0,60
662,195,1,663,2,3665,0,20
663,195,1,664,6,3671,0,60
664,195,1,665,6,3677,18,60
665,195,1,666,7,3684,0,70
666,195,1,667,3,3687,7,30
667,195,1,668,9,3696,0,90
668,195,1,669,6,3702,14,60
669,195,1,670,8,3710,0,80
670,195,1,671,9,3719,0,90
671,195,1,672,7,3726,0,70
672,195,1,673,5,3731,18,50
673,195,1,674,3,3734,0,30
674,195,1,675,7,3741,5,70
675,195,1,676,3,3744,0,30
676,195,1,677,6,3750,0,60
677,195,1,678,6,3756,5,60
678,195,1,679,6,3762,0,60
679,195,1,680,7,3769,4,70
680,195,1,681,4,3773,0,40
681,195,1,682,3,3776,0,30
682,195,1,683,3,3779,0,30
683,195,1,684,7,3786,0,70
684,195,1,685,9,3795,16,90
685,195,1,686,2,3797,0,20
686,195,1,687,6,3803,0,60
687,195,1,688,9,3812,0,90
688,195,1,689,4,3816,9,40
689,195,1,690,2,3818,0,20
690,195,1,691,4,3822,0,40
691,195,1,692,8,3830,0,80
692,195,1,693,8,3838,10,80
693,195,1,694,7,3845,2,70
694,195,1,695,7,3852,0,70
695,195,1,696,3,3855,0,30
696,195,1,697,6,3861,0,60
697,195,1,698,9,3870,0,90
698,195,1,699,2,3872,17,20
699,195,1,700,6,3878,0,60
700,195,1,701,4,3882,3,40
701,195,1,702,5,3887,4,50
702,195,1,703,5,3892,0,50
703,195,1,704,6,3898,4,60
704,195,1,705,3,3901,0,30
705,195,1,706,3,3904,0,30
706,195,1,707,8,3912,0,80
707,195,1,708,8,3920,10,80
708,195,1,709,5,3925,0,50
709,195,1,710,7,3932,0,70
710,195,1,711,6,3938,14,60
711,195,1,712,5,3943,3,50
712,195,1,713,3,3946,0,30
713,195,1,714,5,3951,3,50
714,195,1,715,2,3953,0,20
715,195,1,716,7,3960,2,70
716,195,1,717,5,3965,0,50
717,195,1,718,2,3967,0,20
718,195,1,719,2,3969,0,20
719,195,1,720,5,3974,2,50
720,195,1,721,4,3978,0,40
721,195,1,722,5,3983,0,50
722,195,1,723,9,3992,13,90
723,195,1,724,9,4001,0,90
724,195,1,725,9,4010,0,90
725,195,1,726,3,4013,9,30
726,195,1,727,5,4018,2,50
727,195,1,728,9,4027,0,90
728,195,1,729,3,4030,0,30
729,195,1,730,9,4039,17,90
730,195,1,731,3,4042,0,30
731,195,1,732,6,4048,3,60
732,195,1,733,3,4051,0,30
733,195,1,734,9,4060,0,90
734,195,1,735,3,4063,7,30
735,195,1,736,4,4067,1,40
736,195,1,737,8,4075,0,80
737,195,1,738,4,4079,0,40
738,195,1,739,9,4088,0,90
739,195,1,740,6,4094,12,60
740,195,1,741,2,4096,0,20
741,195,1,742,6,4102,3,60
742,195,1,743,3,4105,0,30
743,195,1,744,3,4108,4,30
744,195,1,745,3,4111,0,30
745,195,1,746,4,4115,0,40
746,195,1,747,2,4117,0,20
747,195,1,748,3,4120,0,30
748,195,1,749,9,4129,0,90
749,195,1,750,4,4133,12,40
750,195,1,751,2,4135,0,20
751,195,1,752,3,4138,0,30
752,195,1,753,6,4144,4,60
753,195,1,754,4,4148,1,40
754,195,1,755,7,4155,0,70
755,195,1,756,8,4163,0,80
756,195,1,757,6,4169,0,60
757,195,1,758,4,4173,0,40
758,195,1,759,5,4178,0,50
759,195,1,760,3,4181,0,30
760,195,1,761,8,4189,0,80
761,195,1,762,3,4192,0,30
762,195,1,763,3,4195,0,30
763,195,1,764,2,4197,25,20
764,195,1,765,4,4201,0,40
765,195,1,766,3,4204,7,30
766,195,1,767,9,4213,0,90
767,195,1,768,5,4218,0,50
768,195,1,769,8,4226,0,80
769,195,1,770,5,4231,0,50
770,195,1,771,6,4237,9,60
771,195,1,772,5,4242,0,50
772,195,1,773,4,4246,0,40
773,195,1,774,6,4252,0,60
774,195,1,775,3,4255,6,30
775,195,1,776,4,4259,0,40
776,195,1,777,4,4263,0,40
777,195,1,778,7,4270,0,70
778,195,1,779,6,4276,0,60
779,195,1,780,9,4285,14,90
780,195,1,781,9,4294,6,90
781,195,1,782,4,4298,0,40
782,195,1,783,6,4304,6,60
783,195,1,784,6,4310,3,60
784,195,1,785,3,4313,0,30
785,195,1,786,2,4315,1,20
786,195,1,787,6,4321,0,60
787,195,1,788,2,4323,0,20
788,195,1,789,9,4332,0,90
789,195,1,790,3,4335,10,30
790,195,1,791,7,4342,0,70
791,195,1,792,2,4344,0,20
792,195,1,793,5,4349,8,50
793,195,1,794,4,4353,0,40
794,195,1,795,3,4356,0,30
795,195,1,796,5,4361,0,50
796,195,1,797,9,4370,0,90
797,195,1,798,5,4375,10,50
798,195,1,799,4,4379,2,40
799,195,1,800,5,4384,0,50
800,195,1,801,7,4391,0,70
801,195,1,802,2,4393,2,20
802,195,1,803,2,4395,0,20
803,195,1,804,8,4403,0,80
804,195,1,805,9,4412,0,90
805,195,1,806,5,4417,0,50
806,195,1,807,2,4419,8,20
807,195,1,808,3,4422,1,30
808,195,1,809,9,4431,0,90
809,195,1,810,4,4435,0,40
810,195,1,811,7,4442,15,70
811,195,1,812,2,4444,0,20
812,195,1,813,6,4450,5,60
813,195,1,814,5,4455,0,50
814,195,1,815,3,4458,0,30
815,195,1,816,4,4462,3,40
816,195,1,817,8,4470,2,80
817,195,1,818,4,4474,0,40
818,195,1,819,6,4480,8,60
819,195,1,820,8,4488,0,80
820,195,1,821,3,4491,0,30
821,195,1,822,9,4500,0,90
822,195,1,823,3,4503,7,30
823,195,1,824,9,4512,0,90
824,195,1,825,3,4515,0,30
825,195,1,826,6,4521,0,60
826,195,1,827,9,4530,15,90
827,195,1,828,6,4536,0,60
828,195,1,829,5,4541,0,50
829,195,1,830,5,4546,0,50
830,195,1,831,9,4555,0,90
831,195,1,832,2,4557,8,20
832,195,1,833,9,4566,2,90
833,195,1,834,8,4574,0,80
834,195,1,835,7,4581,5,70
835,195,1,836,5,4586,0,50
836,195,1,837,3,4589,0,30
837,195,1,838,9,4598,0,90
838,195,1,839,7,4605,0,70
839,195,1,840,9,4614,0,90
840,195,1,841,8,4622,0,80
841,195,1,842,6,4628,30,60
842,195,1,843,9,4637,7,90
843,195,1,844,9,4646,0,90
844,195,1,845,9,4655,0,90
845,195,1,846,4,4659,0,40
846,195,1,847,2,4661,11,20
847,195,1,848,7,4668,0,70
848,195,1,849,6,4674,0,60
849,195,1,850,3,4677,7,30
850,195,1,851,2,4679,0,20
851,195,1,852,4,4683,0,40
852,195,1,853,9,4692,0,90
853,195,1,854,3,4695,0,30
854,195,1,855,9,4704,5,90
855,195,1,856,7,4711,0,70
856,195,1,857,4,4715,3,40
857,195,1,858,6,4721,4,60
858,195,1,859,4,4725,0,40
859,195,1,860,2,4727,2,20
860,195,1,861,2,4729,1,20
861,195,1,862,9,4738,5,90
862,195,1,863,7,4745,0,70
863,195,1,864,7,4752,8,70
864,195,1,865,2,4754,1,20
865,195,1,866,7,4761,4,70
866,195,1,867,9,4770,7,90
867,195,1,868,6,4776,0,60
868,195,1,869,9,4785,0,90
869,195,1,870,7,4792,0,70
870,195,1,871,6,4798,0,60
871,195,1,872,9,4807,13,90
872,195,1,873,2,4809,0,20
873,195,1,874,9,4818,4,90
874,195,1,875,8,4826,3,80
875,195,1,876,3,4829,0,30
876,195,1,877,9,4838,9,90
877,195,1,878,4,4842,0,40
878,195,1,879,4,4846,1,40
879,195,1,880,6,4852,0,60
880,195,1,881,7,4859,0,70
881,195,1,882,8,4867,8,80
882,195,1,883,6,4873,3,60
883,195,1,884,4,4877,0,40
884,195,1,885,6,4883,7,60
885,195,1,886,2,4885,0,20
886,195,1,887,5,4890,0,50
887,195,1,888,2,4892,0,20
888,195,1,889,3,4895,6,30
889,195,1,890,6,4901,5,60
890,195,1,891,7,4908,2,70
891,195,1,892,7,4915,0,70
892,195,1,893,4,4919,6,40
893,195,1,894,2,4921,0,20
894,195,1,895,3,4924,1,30
895,195,1,896,2,4926,2,20
896,195,1,897,5,4931,0,50
897,195,1,898,4,4935,0,40
898,195,1,899,9,4944,0,90
899,195,1,900,2,4946,0,20
900,195,1,901,6,4952,0,60
901,195,1,902,7,4959,19,70
902,195,1,903,6,4965,2,60
903,195,1,904,4,4969,0,40
904,195,1,905,6,4975,0,60
905,195,1,906,4,4979,0,40
906,195,1,907,6,4985,12,60
907,195,1,908,5,4990,1,50
908,195,1,909,6,4996,2,60
909,195,2,1,4,4,0,40
910,195,2,2,8,12,0,80
911,195,2,3,8,20,12,80
912,195,2,4,3,23,0,30
913,195,2,5,2,25,6,20
914,195,2,6,6,31,3,60
915,195,2,7,7,38,5,70
916,195,2,8,6,44,0,60
917,195,2,9,6,50,5,60
918,195,2,10,5,55,6,50
919,195,2,11,9,64,0,90
920,195,2,12,9,73,6,90
921,195,2,13,3,76,1,30
922,195,2,14,4,80,0,40
923,195,2,15,3,83,0,30
924,195,2,16,6,89,0,60
925,195,2,17,4,93,13,40
926,195,2,18,6,99,0,60
927,195,2,19,7,106,0,70
928,195,2,20,3,109,16,30
929,195,2,21,7,116,5,70
930,195,2,22,6,122,2,60
931,195,2,23,4,126,0,40
932,195,2,24,3,129,8,30
933,195,2,25,2,131,0,20
934,195,2,26,4,135,3,40
935,195,2,27,9,144,0,90
936,195,2,28,4,148,0,40
937,195,2,29,7,155,0,70
938,195,2,30,6,161,0,60
939,195,2,31,3,164,0,30
940,195,2,32,7,171,14,70
941,195,2,33,5,176,0,50
942,195,2,34,6,182,0,60
943,195,2,35,6,188,0,60
944,195,2,36,7,195,8,70
945,195,2,37,8,203,2,80
946,195,2,38,8,211,0,80
947,195,2,39,2,213,0,20
948,195,2,40,5,218,12,50
949,195,2,41,2,220,0,20
950,195,2,42,4,224,2,40
951,195,2,43,5,229,0,50
952,195,2,44,4,233,0,40
953,195,2,45,5,238,0,50
954,195,2,46,4,242,0,40
955,195,2,47,2,244,9,20
956,195,2,48,5,249,0,50
957,195,2,49,7,256,0,70
958,195,2,50,9,265,0,90
959,195,2,51,9,274,0,90
960,195,2,52,7,281,0,70
961,195,2,53,5,286,0,50
962,195,2,54,9,295,0,90
963,195,2,55,6,301,37,60
964,195,2,56,9,310,6,90
965,195,2,57,4,314,2,40
966,195,2,58,7,321,0,70
967,195,2,59,4,325,0,40
968,195,2,60,3,328,5,30
969,195,2,61,2,330,0,20
970,195,2,62,3,333,0,30
971,195,2,63,4,337,3,40
972,195,2,64,7,344,0,70
973,195,2,65,7,351,0,70
974,195,2,66,3,354,9,30
975,195,2,67,6,360,0,60
976,195,2,68,3,363,0,30
977,195,2,69,2,365,4,20
978,195,2,70,2,367,0,20
979,195,2,71,3,370,0,30
980,195,2,72,6,376,0,60
981,195,2,73,5,381,7,50
982,195,2,74,5,386,0,50
983,195,2,75,4,390,2,40
984,195,2,76,9,399,4,90
985,195,2,77,3,402,0,30
986,195,2,78,6,408,0,60
987,195,2,79,2,410,0,20
988,195,2,80,2,412,0,20
989,195,2,81,6,418,11,60
990,195,2,82,9,427,9,90
991,195,2,83,9,436,5,90
992,195,2,84,3,439,0,30
993,195,2,85,4,443,4,40
994,195,2,86,4,447,0,40
995,195,2,87,4,451,8,40
996,195,2,88,9,460,5,90
997,195,2,89,2,462,2,20
998,195,2,90,2,464,0,20
999,195,2,91,7,471,0,70
1000,195,2,92,3,474,0,30
1001,195,2,93,4,478,0,40
1002,195,2,94,9,487,0,90
1003,195,2,95,3,490,0,30
1004,195,2,96,4,494,20,40
1005,195,2,97,5,499,0,50
1006,195,2,98,3,502,0,30
1007,195,2,99,2,504,7,20
1008,195,2,100,8,512,4,80
1009,195,2,101,2,514,0,20
1010,195,2,102,2,516,4,20
1011,195,2,103,2,518,4,20
1012,195,2,104,8,526,0,80
1013,195,2,105,9,535,0,90
1014,195,2,106,9,544,14,90
1015,195,2,107,9,553,0,90
1016,195,2,108,3,556,0,30
1017,195,2,109,2,558,0,20
1018,195,2,110,2,560,6,20
1019,195,2,111,9,569,0,90
1020,195,2,112,9,578,0,90
1021,195,2,113,2,580,0,20
1022,195,2,114,7,587,0,70
1023,195,2,115,6,593,18,60
1024,195,2,116,9,602,4,90
1025,195,2,117,8,610,0,80
1026,195,2,118,7,617,0,70
1027,195,2,119,5,622,6,50
1028,195,2,120,2,624,0,20
1029,195,2,121,9,633,8,90
1030,195,2,122,2,635,0,20
1031,195,2,123,6,641,0,60
1032,195,2,124,3,644,0,30
1033,195,2,125,8,652,0,80
1034,195,2,126,9,661,0,90
1035,195,2,127,8,669,25,80
1036,195,2,128,7,676,4,70
1037,195,2,129,3,679,0,30
1038,195,2,130,3,682,2,30
1039,195,2,131,8,690,0,80
1040,195,2,132,5,695,6,50
1041,195,2,133,8,703,0,80
1042,195,2,134,5,708,6,50
1043,195,2,135,5,713,3,50
1044,195,2,136,5,718,0,50
1045,195,2,137,2,720,1,20
1046,195,2,138,9,729,0,90
1047,195,2,139,5,734,7,50
1048,195,2,140,8,742,5,80
1049,195,2,141,8,750,2,80
1050,195,2,142,5,755,1,50
1051,195,2,143,2,757,0,20
1052,195,2,144,8,765,0,80
1053,195,2,145,9,774,10,90
1054,195,2,146,8,782,3,80
1055,195,2,147,6,788,6,60
1056,195,2,148,5,793,0,50
1057,195,2,149,7,800,1,70
1058,195,2,150,9,809,0,90
1059,195,2,151,3,812,3,30
1060,195,2,152,5,817,0,50
1061,195,2,153,5,822,4,50
1062,195,2,154,8,830,3,80
1063,195,2,155,7,837,0,70
1064,195,2,156,6,843,0,60
1065,195,2,157,6,849,0,60
1066,195,2,158,2,851,10,20
1067,195,2,159,7,858,0,70
1068,195,2,160,5,863,4,50
1069,195,2,161,3,866,2,30
1070,195,2,162,6,872,0,60
1071,195,2,163,3,875,4,30
1072,195,2,164,5,880,0,50
1073,195,2,165,8,888,7,80
1074,195,2,166,7,895,2,70
1075,195,2,167,4,899,1,40
1076,195,2,168,6,905,0,60
1077,195,2,169,5,910,7,50
1078,195,2,170,3,913,0,30
1079,195,2,171,7,920,2,70
1080,195,2,172,8,928,2,80
1081,195,2,173,8,936,2,80
1082,195,2,174,8,944,3,80
1083,195,2,175,5,949,0,50
1084,195,2,176,7,956,3,70
1085,195,2,177,6,962,0,60
1086,195,2,178,8,970,0,80
1087,195,2,179,6,976,0,60
1088,195,2,180,3,979,0,30
1089,195,2,181,4,983,0,40
1090,195,2,182,9,992,0,90
1091,195,2,183,9,1001,24,90
1092,195,2,184,2,1003,0,20
1093,195,2,185,6,1009,1,60
1094,195,2,186,2,1011,0,20
1095,195,2,187,7,1018,0,70
1096,195,2,188,6,1024,8,60
1097,195,2,189,5,1029,0,50
1098,195,2,190,6,1035,0,60
1099,195,2,191,3,1038,3,30
1100,195,2,192,7,1045,4,70
1101,195,2,193,3,1048,1,30
1102,195,2,194,9,1057,10,90
1103,195,2,195,5,1062,0,50
1104,195,2,196,4,1066,4,40
1105,195,2,197,4,1070,0,40
1106,195,2,198,3,1073,0,30
1107,195,2,199,3,1076,3,30
1108,195,2,200,4,1080,0,40
1109,195,2,201,8,1088,0,80
1110,195,2,202,2,1090,12,20
1111,195,2,203,6,1096,0,60
1112,195,2,204,3,1099,6,30
1113,195,2,205,5,1104,0,50
1114,195,2,206,4,1108,0,40
1115,195,2,207,5,1113,0,50
1116,195,2,208,3,1116,0,30
1117,195,2,209,7,1123,0,70
1118,195,2,210,4,1127,15,40
1119,195,2,211,6,1133,3,60
1120,195,2,212,6,1139,0,60
1121,195,2,213,4,1143,2,40
1122,195,2,214,9,1152,2,90
1123,195,2,215,9,1161,1,90
1124,195,2,216,8,1169,0,80
1125,195,2,217,8,1177,0,80
1126,195,2,218,8,1185,0,80
1127,195,2,219,4,1189,0,40
1128,195,2,220,4,1193,10,40
1129,195,2,221,6,1199,2,60
1130,195,2,222,7,1206,4,70
1131,195,2,223,9,1215,0,90
1132,195,2,224,2,1217,3,20
1133,195,2,225,2,1219,0,20
1134,195,2,226,5,1224,0,50
1135,195,2,227,5,1229,0,50
1136,195,2,228,8,1237,0,80
1137,195,2,229,9,1246,0,90
1138,195,2,230,3,1249,0,30
1139,195,2,231,7,1256,0,70
1140,195,2,232,4,1260,0,40
1141,195,2,233,4,1264,21,40
1142,195,2,234,7,1271,0,70
1143,195,2,235,6,1277,0,60
1144,195,2,236,2,1279,0,20
1145,195,2,237,7,1286,0,70
1146,195,2,238,5,1291,0,50
1147,195,2,239,7,1298,0,70
1148,195,2,240,8,1306,0,80
1149,195,2,241,6,1312,24,60
1150,195,2,242,5,1317,4,50
1151,195,2,243,6,1323,0,60
1152,195,2,244,2,1325,7,20
1153,195,2,245,4,1329,1,40
1154,195,2,246,3,1332,2,30
1155,195,2,247,3,1335,3,30
1156,195,2,248,6,1341,0,60
1157,195,2,249,7,1348,9,70
1158,195,2,250,9,1357,0,90
1159,195,2,251,4,1361,9,40
1160,195,2,252,3,1364,0,30
1161,195,2,253,2,1366,1,20
1162,195,2,254,5,1371,2,50
1163,195,2,255,8,1379,3,80
1164,195,2,256,7,1386,1,70
1165,195,2,257,8,1394,2,80
1166,195,2,258,6,1400,0,60
1167,195,2,259,5,1405,0,50
1168,195,2,260,8,1413,0,80
1169,195,2,261,7,1420,0,70
1170,195,2,262,6,1426,0,60
1171,195,2,263,4,1430,28,40
1172,195,2,264,8,1438,0,80
1173,195,2,265,9,1447,0,90
1174,195,2,266,7,1454,0,70
1175,195,2,267,5,1459,0,50
1176,195,2,268,7,1466,14,70
1177,195,2,269,6,1472,0,60
1178,195,2,270,8,1480,6,80
1179,195,2,271,8,1488,0,80
1180,195,2,272,5,1493,13,50
1181,195,2,273,9,1502,0,90
1182,195,2,274,6,1508,0,60
1183,195,2,275,7,1515,3,70
1184,195,2,276,8,1523,4,80
1185,195,2,277,4,1527,0,40
1186,195,2,278,6,1533,4,60
1187,195,2,279,3,1536,2,30
1188,195,2,280,8,1544,0,80
1189,195,2,281,3,1547,0,30
1190,195,2,282,7,1554,9,70
1191,195,2,283,2,1556,0,20
1192,195,2,284,7,1563,0,70
1193,195,2,285,2,1565,4,20
1194,195,2,286,2,1567,0,20
1195,195,2,287,6,1573,0,60
1196,195,2,288,5,1578,0,50
1197,195,2,289,9,1587,8,90
1198,195,2,290,2,1589,2,20
1199,195,2,291,4,1593,0,40
1200,195,2,292,5,1598,0,50
1201,195,2,293,4,1602,7,40
1202,195,2,294,8,1610,0,80
1203,195,2,295,3,1613,0,30
1204,195,2,296,2,1615,6,20
1205,195,2,297,8,1623,6,80
1206,195,2,298,6,1629,0,60
1207,195,2,299,4,1633,6,40
1208,195,2,300,7,1640,4,70
1209,195,2,301,2,1642,0,20
1210,195,2,302,7,1649,0,70
1211,195,2,303,7,1656,10,70
1212,195,2,304,3,1659,1,30
1213,195,2,305,7,1666,0,70
1214,195,2,306,7,1673,0,70
1215,195,2,307,3,1676,0,30
1216,195,2,308,2,1678,0,20
1217,195,2,309,8,1686,0,80
1218,195,2,310,3,1689,11,30
1219,195,2,311,7,1696,0,70
1220,195,2,312,8,1704,8,80
1221,195,2,313,6,1710,0,60
1222,195,2,314,2,1712,0,20
1223,195,2,315,4,1716,0,40
1224,195,2,316,6,1722,10,60
1225,195,2,317,7,1729,0,70
1226,195,2,318,5,1734,0,50
1227,195,2,319,6,1740,0,60
1228,195,2,320,6,1746,0,60
1229,195,2,321,9,1755,0,90
1230,195,2,322,9,1764,25,90
1231,195,2,323,3,1767,3,30
1232,195,2,324,3,1770,0,30
1233,195,2,325,8,1778,8,80
1234,195,2,326,4,1782,0,40
1235,195,2,327,7,1789,5,70
1236,195,2,328,5,1794,0,50
1237,195,2,329,7,1801,5,70
1238,195,2,330,5,1806,0,50
1239,195,2,331,9,1815,7,90
1240,195,2,332,6,1821,4,60
1241,195,2,333,8,1829,3,80
1242,195,2,334,8,1837,0,80
1243,195,2,335,8,1845,0,80
1244,195,2,336,8,1853,13,80
1245,195,2,337,9,1862,0,90
1246,195,2,338,5,1867,0,50
1247,195,2,339,8,1875,0,80
1248,195,2,340,5,1880,19,50
1249,195,2,341,5,1885,4,50
1250,195,2,342,6,1891,2,60
1251,195,2,343,2,1893,0,20
1252,195,2,344,7,1900,2,70
1253,195,2,345,5,1905,0,50
1254,195,2,346,7,1912,5,70
1255,195,2,347,3,1915,3,30
1256,195,2,348,7,1922,0,70
1257,195,2,349,9,1931,0,90
1258,195,2,350,9,1940,15,90
1259,195,2,351,4,1944,0,40
1260,195,2,352,3,1947,3,30
1261,195,2,353,8,1955,4,80
1262,195,2,354,4,1959,0,40
1263,195,2,355,2,1961,0,20
1264,195,2,356,2,1963,5,20
1265,195,2,357,2,1965,0,20
1266,195,2,358,5,1970,6,50
1267,195,2,359,9,1979,6,90
1268,195,2,360,5,1984,0,50
1269,195,2,361,7,1991,6,70
1270,195,2,362,5,1996,2,50
1271,195,2,363,3,1999,0,30
1272,195,2,364,9,2008,10,90
1273,195,2,365,9,2017,0,90
1274,195,2,366,6,2023,2,60
1275,195,2,367,7,2030,1,70
1276,195,2,368,4,2034,0,40
1277,195,2,369,5,2039,7,50
1278,195,2,370,8,2047,6,80
1279,195,2,371,5,2052,9,50
1280,195,2,372,6,2058,3,60
1281,195,2,373,2,2060,2,20
1282,195,2,374,6,2066,3,60
1283,195,2,375,2,2068,0,20
1284,195,2,376,5,2073,0,50
1285,195,2,377,3,2076,7,30
1286,195,2,378,8,2084,1,80
1287,195,2,379,6,2090,0,60
1288,195,2,380,6,2096,0,60
1289,195,2,381,3,2099,2,30
1290,195,2,382,6,2105,0,60
1291,195,2,383,8,2113,0,80
1292,195,2,384,8,2121,0,80
1293,195,2,385,6,2127,12,60
1294,195,2,386,4,2131,2,40
1295,195,2,387,6,2137,0,60
1296,195,2,388,3,2140,0,30
1297,195,2,389,2,2142,10,20
1298,195,2,390,8,2150,1,80
1299,195,2,391,9,2159,2,90
1300,195,2,392,5,2164,4,50
1301,195,2,393,3,2167,0,30
1302,195,2,394,2,2169,4,20
1303,195,2,395,3,2172,0,30
1304,195,2,396,6,2178,0,60
1305,195,2,397,3,2181,0,30
1306,195,2,398,9,2190,0,90
1307,195,2,399,6,2196,5,60
1308,195,2,400,6,2202,0,60
1309,195,2,401,8,2210,7,80
1310,195,2,402,8,2218,0,80
1311,195,2,403,8,2226,0,80
1312,195,2,404,6,2232,8,60
1313,195,2,405,4,2236,0,40
1314,195,2,406,4,2240,5,40
1315,195,2,407,3,2243,0,30
1316,195,2,408,6,2249,3,60
1317,195,2,409,5,2254,1,50
1318,195,2,410,7,2261,4,70
1319,195,2,411,3,2264,0,30
1320,195,2,412,8,2272,9,80
1321,195,2,413,2,2274,0,20
1322,195,2,414,7,2281,0,70
1323,195,2,415,8,2289,5,80
1324,195,2,416,9,2298,0,90
1325,195,2,417,8,2306,7,80
1326,195,2,418,4,2310,0,40
1327,195,2,419,9,2319,0,90
1328,195,2,420,4,2323,2,40
1329,195,2,421,2,2325,0,20
1330,195,2,422,6,2331,0,60
1331,195,2,423,3,2334,4,30
1332,195,2,424,6,2340,0,60
1333,195,2,425,8,2348,6,80
1334,195,2,426,9,2357,0,90
1335,195,2,427,5,2362,0,50
1336,195,2,428,8,2370,11,80
1337,195,2,429,2,2372,0,20
1338,195,2,430,6,2378,0,60
1339,195,2,431,3,2381,5,30
1340,195,2,432,6,2387,0,60
1341,195,2,433,5,2392,0,50
1342,195,2,434,8,2400,8,80
1343,195,2,435,5,2405,1,50
1344,195,2,436,2,2407,0,20
1345,195,2,437,3,2410,4,30
1346,195,2,438,8,2418,0,80
1347,195,2,439,8,2426,0,80
1348,195,2,440,6,2432,13,60
1349,195,2,441,6,2438,4,60
1350,195,2,442,7,2445,4,70
1351,195,2,443,3,2448,0,30
1352,195,2,444,3,2451,0,30
1353,195,2,445,4,2455,0,40
1354,195,2,446,8,2463,0,80
1355,195,2,447,3,2466,0,30
1356,195,2,448,2,2468,0,20
1357,195,2,449,7,2475,14,70
1358,195,2,450,5,2480,0,50
1359,195,2,451,3,2483,1,30
1360,195,2,452,2,2485,0,20
1361,195,2,453,3,2488,0,30
1362,195,2,454,3,2491,2,30
1363,195,2,455,4,2495,0,40
1364,195,2,456,7,2502,5,70
1365,195,2,457,6,2508,0,60
1366,195,2,458,7,2515,4,70
1367,195,2,459,8,2523,9,80
1368,195,2,460,9,2532,0,90
1369,195,2,461,3,2535,0,30
1370,195,2,462,3,2538,0,30
1371,195,2,463,7,2545,0,70
1372,195,2,464,8,2553,12,80
1373,195,2,465,9,2562,3,90
1374,195,2,466,2,2564,0,20
1375,195,2,467,5,2569,0,50
1376,195,2,468,7,2576,0,70
1377,195,2,469,5,2581,0,50
1378,195,2,470,9,2590,0,90
1379,195,2,471,9,2599,17,90
1380,195,2,472,7,2606,0,70
1381,195,2,473,6,2612,0,60
1382,195,2,474,3,2615,12,30
1383,195,2,475,8,2623,4,80
1384,195,2,476,8,2631,4,80
1385,195,2,477,7,2638,0,70
1386,195,2,478,8,2646,0,80
1387,195,2,479,7,2653,14,70
1388,195,2,480,2,2655,0,20
1389,195,2,481,9,2664,2,90
1390,195,2,482,2,2666,0,20
1391,195,2,483,2,2668,0,20
1392,195,2,484,8,2676,0,80
1393,195,2,485,6,2682,0,60
1394,195,2,486,6,2688,14,60
1395,195,2,487,3,2691,0,30
1396,195,2,488,4,2695,0,40
1397,195,2,489,2,2697,3,20
1398,195,2,490,6,2703,0,60
1399,195,2,491,6,2709,7,60
1400,195,2,492,4,2713,2,40
1401,195,2,493,4,2717,2,40
1402,195,2,494,9,2726,0,90
1403,195,2,495,6,2732,0,60
1404,195,2,496,7,2739,0,70
1405,195,2,497,8,2747,13,80
1406,195,2,498,8,2755,0,80
1407,195,2,499,4,2759,0,40
1408,195,2,500,9,2768,0,90
1409,195,2,501,3,2771,18,30
1410,195,2,502,2,2773,0,20
1411,195,2,503,6,2779,0,60
1412,195,2,504,9,2788,7,90
1413,195,2,505,3,2791,0,30
1414,195,2,506,9,2800,0,90
1415,195,2,507,2,2802,0,20
1416,195,2,508,3,2805,0,30
1417,195,2,509,9,2814,16,90
1418,195,2,510,6,2820,0,60
1419,195,2,511,9,2829,9,90
1420,195,2,512,2,2831,2,20
1421,195,2,513,9,2840,0,90
1422,195,2,514,4,2844,0,40
1423,195,2,515,5,2849,0,50
1424,195,2,516,8,2857,0,80
1425,195,2,517,9,2866,0,90
1426,195,2,518,2,2868,9,20
1427,195,2,519,5,2873,0,50
1428,195,2,520,7,2880,0,70
1429,195,2,521,7,2887,7,70
1430,195,2,522,4,2891,2,40
1431,195,2,523,2,2893,3,20
1432,195,2,524,2,2895,2,20
1433,195,2,525,5,2900,0,50
1434,195,2,526,9,2909,0,90
1435,195,2,527,9,2918,9,90
1436,195,2,528,5,2923,0,50
1437,195,2,529,4,2927,0,40
1438,195,2,530,4,2931,8,40
1439,195,2,531,8,2939,5,80
1440,195,2,532,3,2942,0,30
1441,195,2,533,4,2946,0,40
1442,195,2,534,7,2953,8,70
1443,195,2,535,7,2960,0,70
1444,195,2,536,8,2968,0,80
1445,195,2,537,3,2971,8,30
1446,195,2,538,8,2979,7,80
1447,195,2,539,5,2984,0,50
1448,195,2,540,4,2988,0,40
1449,195,2,541,2,2990,0,20
1450,195,2,542,2,2992,10,20
1451,195,2,543,4,2996,1,40
1452,195,2,544,6,3002,2,60
1453,195,2,545,8,3010,0,80
1454,195,2,546,6,3016,0,60
1455,195,2,547,3,3019,0,30
1456,195,2,548,7,3026,0,70
1457,195,2,549,8,3034,19,80
1458,195,2,550,7,3041,3,70
1459,195,2,551,5,3046,0,50
1460,195,2,552,4,3050,5,40
1461,195,2,553,8,3058,0,80
1462,195,2,554,2,3060,0,20
1463,195,2,555,3,3063,8,30
1464,195,2,556,3,3066,0,30
1465,195,2,557,2,3068,0,20
1466,195,2,558,4,3072,0,40
1467,195,2,559,2,3074,0,20
1468,195,2,560,2,3076,5,20
1469,195,2,561,8,3084,0,80
1470,195,2,562,3,3087,0,30
1471,195,2,563,8,3095,5,80
1472,195,2,564,9,3104,0,90
1473,195,2,565,3,3107,8,30
1474,195,2,566,2,3109,2,20
1475,195,2,567,3,3112,4,30
1476,195,2,568,3,3115,0,30
1477,195,2,569,4,3119,6,40
1478,195,2,570,3,3122,0,30
1479,195,2,571,2,3124,4,20
1480,195,2,572,3,3127,1,30
1481,195,2,573,9,3136,4,90
1482,195,2,574,5,3141,0,50
1483,195,2,575,2,3143,2,20
1484,195,2,576,7,3150,3,70
1485,195,2,577,8,3158,6,80
1486,195,2,578,6,3164,0,60
1487,195,2,579,9,3173,0,90
1488,195,2,580,4,3177,0,40
1489,195,2,581,7,3184,0,70
1490,195,2,582,3,3187,0,30
1491,195,2,583,6,3193,18,60
1492,195,2,584,4,3197,2,40
1493,195,2,585,3,3200,5,30
1494,195,2,586,9,3209,6,90
1495,195,2,587,2,3211,0,20
1496,195,2,588,4,3215,0,40
1497,195,2,589,2,3217,0,20
1498,195,2,590,7,3224,0,70
1499,195,2,591,4,3228,6,40
1500,195,2,592,6,3234,0,60
1501,195,2,593,7,3241,0,70
1502,195,2,594,5,3246,0,50
1503,195,2,595,5,3251,0,50
1504,195,2,596,5,3256,10,50
1505,195,2,597,2,3258,0,20
1506,195,2,598,9,3267,3,90
1507,195,2,599,9,3276,4,90
1508,195,2,600,9,3285,0,90
1509,195,2,601,6,3291,0,60
1510,195,2,602,9,3300,6,90
1511,195,2,603,9,3309,0,90
1512,195,2,604,9,3318,0,90
1513,195,2,605,9,3327,12,90
1514,195,2,606,7,3334,8,70
1515,195,2,607,3,3337,0,30
1516,195,2,608,9,3346,0,90
1517,195,2,609,7,3353,7,70
1518,195,2,610,4,3357,0,40
1519,195,2,611,8,3365,6,80
1520,195,2,612,6,3371,0,60
1521,195,2,613,9,3380,7,90
1522,195,2,614,3,3383,0,30
1523,195,2,615,3,3386,0,30
1524,195,2,616,3,3389,4,30
1525,195,2,617,2,3391,0,20
1526,195,2,618,6,3397,0,60
1527,195,2,619,4,3401,6,40
1528,195,2,620,3,3404,3,30
1529,195,2,621,4,3408,0,40
1530,195,2,622,7,3415,0,70
1531,195,2,623,3,3418,0,30
1532,195,2,624,8,3426,0,80
1533,195,2,625,7,3433,0,70
1534,195,2,626,7,3440,17,70
1535,195,2,627,3,3443,0,30
1536,195,2,628,3,3446,0,30
1537,195,2,629,5,3451,3,50
1538,195,2,630,9,3460,0,90
1539,195,2,631,3,3463,6,30
1540,195,2,632,6,3469,8,60
1541,195,2,633,2,3471,4,20
1542,195,2,634,5,3476,3,50
1543,195,2,635,6,3482,1,60
1544,195,2,636,5,3487,0,50
1545,195,2,637,5,3492,0,50
1546,195,2,638,4,3496,0,40
1547,195,2,639,7,3503,9,70
1548,195,2,640,3,3506,0,30
1549,195,2,641,5,3511,3,50
1550,195,2,642,5,3516,2,50
1551,195,2,643,6,3522,2,60
1552,195,2,644,7,3529,2,70
1553,195,2,645,6,3535,2,60
1554,195,2,646,3,3538,0,30
1555,195,2,647,3,3541,2,30
1556,195,2,648,4,3545,2,40
1557,195,2,649,8,3553,2,80
1558,195,2,650,8,3561,2,80
1559,195,2,651,9,3570,0,90
1560,195,2,652,8,3578,0,80
1561,195,2,653,9,3587,10,90
1562,195,2,654,2,3589,0,20
1563,195,2,655,7,3596,6,70
1564,195,2,656,4,3600,0,40
1565,195,2,657,8,3608,5,80
1566,195,2,658,8,3616,6,80
1567,195,2,659,8,3624,0,80
1568,195,2,660,9,3633,6,90
1569,195,2,661,6,3639,6,60
1570,195,2,662,3,3642,0,30
1571,195,2,663,7,3649,0,70
1572,195,2,664,7,3656,6,70
1573,195,2,665,9,3665,0,90
1574,195,2,666,7,3672,9,70
1575,195,2,667,9,3681,3,90
1576,195,2,668,4,3685,0,40
1577,195,2,669,6,3691,0,60
1578,195,2,670,5,3696,0,50
1579,195,2,671,3,3699,7,30
1580,195,2,672,2,3701,0,20
1581,195,2,673,3,3704,0,30
1582,195,2,674,4,3708,0,40
1583,195,2,675,3,3711,4,30
1584,195,2,676,4,3715,3,40
1585,195,2,677,9,3724,3,90
1586,195,2,678,5,3729,0,50
1587,195,2,679,6,3735,0,60
1588,195,2,680,4,3739,0,40
1589,195,2,681,7,3746,0,70
1590,195,2,682,7,3753,0,70
1591,195,2,683,7,3760,20,70
1592,195,2,684,7,3767,0,70
1593,195,2,685,8,3775,0,80
1594,195,2,686,3,3778,0,30
1595,195,2,687,3,3781,9,30
1596,195,2,688,3,3784,0,30
1597,195,2,689,8,3792,4,80
1598,195,2,690,4,3796,0,40
1599,195,2,691,5,3801,0,50
1600,195,2,692,4,3805,0,40
1601,195,2,693,7,3812,0,70
1602,195,2,694,8,3820,15,80
1603,195,2,695,6,3826,0,60
1604,195,2,696,9,3835,0,90
1605,195,2,697,5,3840,11,50
1606,195,2,698,9,3849,0,90
1607,195,2,699,8,3857,0,80
1608,195,2,700,2,3859,0,20
1609,195,2,701,9,3868,0,90
1610,195,2,702,3,3871,0,30
1611,195,2,703,6,3877,0,60
1612,195,2,704,5,3882,0,50
1613,195,2,705,7,3889,33,70
1614,195,2,706,5,3894,0,50
1615,195,2,707,8,3902,0,80
1616,195,2,708,4,3906,7,40
1617,195,2,709,9,3915,4,90
1618,195,2,710,3,3918,0,30
1619,195,2,711,9,3927,0,90
1620,195,2,712,9,3936,7,90
1621,195,2,713,5,3941,0,50
1622,195,2,714,3,3944,0,30
1623,195,2,715,2,3946,5,20
1624,195,2,716,7,3953,0,70
1625,195,2,717,4,3957,2,40
1626,195,2,718,5,3962,3,50
1627,195,2,719,4,3966,6,40
1628,195,2,720,6,3972,0,60
1629,195,2,721,8,3980,8,80
1630,195,2,722,2,3982,0,20
1631,195,2,723,7,3989,0,70
1632,195,2,724,4,3993,0,40
1633,195,2,725,5,3998,11,50
1634,195,2,726,4,4002,0,40
1635,195,2,727,9,4011,0,90
1636,195,2,728,6,4017,0,60
1637,195,2,729,9,4026,0,90
1638,195,2,730,6,4032,0,60
1639,195,2,731,8,4040,0,80
1640,195,2,732,4,4044,0,40
1641,195,2,733,6,4050,0,60
1642,195,2,734,6,4056,0,60
1643,195,2,735,7,4063,0,70
1644,195,2,736,8,4071,43,80
1645,195,2,737,2,4073,0,20
1646,195,2,738,8,4081,2,80
1647,195,2,739,4,4085,0,40
1648,195,2,740,7,4092,0,70
1649,195,2,741,3,4095,7,30
1650,195,2,742,3,4098,1,30
1651,195,2,743,8,4106,0,80
1652,195,2,744,9,4115,0,90
1653,195,2,745,7,4122,0,70
1654,195,2,746,4,4126,0,40
1655,195,2,747,3,4129,0,30
1656,195,2,748,9,4138,0,90
1657,195,2,749,6,4144,25,60
1658,195,2,750,7,4151,1,70
1659,195,2,751,2,4153,1,20
1660,195,2,752,7,4160,3,70
1661,195,2,753,9,4169,4,90
1662,195,2,754,2,4171,4,20
1663,195,2,755,2,4173,2,20
1664,195,2,756,7,4180,3,70
1665,195,2,757,4,4184,2,40
1666,195,2,758,3,4187,0,30
1667,195,2,759,8,4195,6,80
1668,195,2,760,8,4203,0,80
1669,195,2,761,2,4205,7,20
1670,195,2,762,7,4212,0,70
1671,195,2,763,7,4219,0,70
1672,195,2,764,9,4228,15,90
1673,195,2,765,3,4231,0,30
1674,195,2,766,2,4233,3,20
1675,195,2,767,2,4235,0,20
1676,195,2,768,5,4240,5,50
1677,195,2,769,2,4242,2,20
1678,195,2,770,6,4248,0,60
1679,195,2,771,3,4251,2,30
1680,195,2,772,6,4257,0,60
1681,195,2,773,6,4263,10,60
1682,195,2,774,8,4271,0,80
1683,195,2,775,7,4278,8,70
1684,195,2,776,8,4286,6,80
1685,195,2,777,5,4291,4,50
1686,195,2,778,8,4299,3,80
1687,195,2,779,9,4308,8,90
1688,195,2,780,4,4312,1,40
1689,195,2,781,9,4321,0,90
1690,195,2,782,2,4323,0,20
1691,195,2,783,5,4328,0,50
1692,195,2,784,9,4337,11,90
1693,195,2,785,6,4343,1,60
1694,195,2,786,7,4350,0,70
1695,195,2,787,9,4359,0,90
1696,195,2,788,3,4362,12,30
1697,195,2,789,4,4366,5,40
1698,195,2,790,9,4375,0,90
1699,195,2,791,3,4378,0,30
1700,195,2,792,2,4380,0,20
1701,195,2,793,8,4388,16,80
1702,195,2,794,7,4395,3,70
1703,195,2,795,7,4402,3,70
1704,195,2,796,6,4408,4,60
1705,195,2,797,9,4417,4,90
1706,195,2,798,7,4424,0,70
1707,195,2,799,7,4431,0,70
1708,195,2,800,4,4435,9,40
1709,195,2,801,2,4437,2,20
1710,195,2,802,4,4441,0,40
1711,195,2,803,6,4447,5,60
1712,195,2,804,9,4456,0,90
1713,195,2,805,9,4465,0,90
1714,195,2,806,2,4467,5,20
1715,195,2,807,2,4469,0,20
1716,195,2,808,3,4472,0,30
1717,195,2,809,2,4474,2,20
1718,195,2,810,5,4479,0,50
1719,195,2,811,8,4487,4,80
1720,195,2,812,2,4489,0,20
1721,195,2,813,7,4496,0,70
1722,195,2,814,9,4505,10,90
1723,195,2,815,7,4512,5,70
1724,195,2,816,9,4521,0,90
1725,195,2,817,6,4527,0,60
1726,195,2,818,8,4535,12,80
1727,195,2,819,6,4541,5,60
1728,195,2,820,6,4547,0,60
1729,195,2,821,5,4552,2,50
1730,195,2,822,5,4557,1,50
1731,195,2,823,2,4559,1,20
1732,195,2,824,7,4566,4,70
1733,195,2,825,6,4572,3,60
1734,195,2,826,9,4581,0,90
1735,195,2,827,2,4583,0,20
1736,195,2,828,4,4587,10,40
1737,195,2,829,8,4595,0,80
1738,195,2,830,3,4598,0,30
1739,195,2,831,2,4600,4,20
1740,195,2,832,2,4602,2,20
1741,195,2,833,5,4607,0,50
1742,195,2,834,9,4616,0,90
1743,195,2,835,8,4624,0,80
1744,195,2,836,9,4633,13,90
1745,195,2,837,4,4637,0,40
1746,195,2,838,9,4646,0,90
1747,195,2,839,3,4649,0,30
1748,195,2,840,3,4652,0,30
1749,195,2,841,5,4657,0,50
1750,195,2,842,6,4663,0,60
1751,195,2,843,7,4670,21,70
1752,195,2,844,6,4676,2,60
1753,195,2,845,5,4681,2,50
1754,195,2,846,6,4687,0,60
1755,195,2,847,6,4693,6,60
1756,195,2,848,6,4699,2,60
1757,195,2,849,4,4703,0,40
1758,195,2,850,4,4707,0,40
1759,195,2,851,9,4716,10,90
1760,195,2,852,5,4721,0,50
1761,195,2,853,9,4730,4,90
1762,195,2,854,8,4738,1,80
1763,195,2,855,3,4741,0,30
1764,195,2,856,9,4750,0,90
1765,195,2,857,8,4758,0,80
1766,195,2,858,8,4766,0,80
1767,195,2,859,6,4772,11,60
1768,195,2,860,8,4780,0,80
1769,195,2,861,8,4788,9,80
1770,195,2,862,8,4796,2,80
1771,195,2,863,2,4798,0,20
1772,195,2,864,4,4802,0,40
1773,195,2,865,6,4808,0,60
1774,195,2,866,5,4813,0,50
1775,195,2,867,2,4815,6,20
1776,195,2,868,4,4819,0,40
1777,195,2,869,6,4825,0,60
1778,195,2,870,7,4832,0,70
1779,195,2,871,8,4840,12,80
1780,195,2,872,2,4842,0,20
1781,195,2,873,8,4850,7,80
1782,195,2,874,5,4855,2,50
1783,195,2,875,5,4860,3,50
1784,195,2,876,5,4865,3,50
1785,195,2,877,2,4867,0,20
1786,195,2,878,7,4874,0,70
1787,195,2,879,5,4879,0,50
1788,195,2,880,2,4881,0,20
1789,195,2,881,6,4887,0,60
1790,195,2,882,2,4889,0,20
1791,195,2,883,4,4893,0,40
1792,195,2,884,3,4896,0,30
1793,195,2,885,7,4903,0,70
1794,195,2,886,4,4907,0,40
1795,195,2,887,2,4909,22,20
1796,195,2,888,7,4916,3,70
1797,195,2,889,5,4921,1,50
1798,195,2,890,6,4927,0,60
1799,195,2,891,9,4936,6,90
1800,195,2,892,8,4944,0,80
1801,195,2,893,7,4951,5,70
1802,195,2,894,9,4960,0,90
1803,195,2,895,9,4969,0,90
1804,195,2,896,3,4972,13,30
1805,195,2,897,8,4980,3,80
1806,195,2,898,9,4989,5,90
1807,195,2,899,5,4994,2,50
1808,195,2,900,3,4997,1,30
1809,195,2,901,2,4999,0,20
1810,195,3,1,4,4,1,40
1811,195,3,2,6,10,6,60
1812,195,3,3,8,18,0,80
1813,195,3,4,5,23,0,50
1814,195,3,5,2,25,0,20
1815,195,3,6,6,31,0,60
1816,195,3,7,7,38,15,70
1817,195,3,8,5,43,0,50
1818,195,3,9,2,45,4,20
1819,195,3,10,7,52,0,70
1820,195,3,11,4,56,5,40
1821,195,3,12,5,61,0,50
1822,195,3,13,7,68,5,70
1823,195,3,14,3,71,0,30
1824,195,3,15,3,74,0,30
1825,195,3,16,6,80,0,60
1826,195,3,17,4,84,0,40
1827,195,3,18,6,90,0,60
1828,195,3,19,8,98,0,80
1829,195,3,20,2,100,0,20
1830,195,3,21,3,103,0,30
1831,195,3,22,3,106,0,30
1832,195,3,23,3,109,0,30
1833,195,3,24,7,116,0,70
1834,195,3,25,8,124,31,80
1835,195,3,26,5,129,0,50
1836,195,3,27,9,138,0,90
1837,195,3,28,9,147,0,90
1838,195,3,29,4,151,19,40
1839,195,3,30,3,154,0,30
1840,195,3,31,9,163,6,90
1841,195,3,32,7,170,0,70
1842,195,3,33,4,174,0,40
1843,195,3,34,4,178,0,40
1844,195,3,35,2,180,4,20
1845,195,3,36,8,188,3,80
1846,195,3,37,6,194,5,60
1847,195,3,38,7,201,7,70
1848,195,3,39,6,207,2,60
1849,195,3,40,2,209,0,20
1850,195,3,41,8,217,6,80
1851,195,3,42,2,219,0,20
1852,195,3,43,4,223,0,40
1853,195,3,44,7,230,0,70
1854,195,3,45,5,235,0,50
1855,195,3,46,5,240,7,50
1856,195,3,47,6,246,5,60
1857,195,3,48,3,249,0,30
1858,195,3,49,7,256,0,70
1859,195,3,50,6,262,0,60
1860,195,3,51,2,264,0,20
1861,195,3,52,2,266,0,20
1862,195,3,53,9,275,0,90
1863,195,3,54,4,279,0,40
1864,195,3,55,5,284,16,50
1865,195,3,56,6,290,0,60
1866,195,3,57,9,299,0,90
1867,195,3,58,2,301,0,20
1868,195,3,59,5,306,11,50
1869,195,3,60,9,315,0,90
1870,195,3,61,8,323,0,80
1871,195,3,62,6,329,0,60
1872,195,3,63,2,331,7,20
1873,195,3,64,2,333,0,20
1874,195,3,65,2,335,3,20
1875,195,3,66,6,341,0,60
1876,195,3,67,9,350,0,90
1877,195,3,68,3,353,0,30
1878,195,3,69,5,358,0,50
1879,195,3,70,2,360,0,20
1880,195,3,71,3,363,0,30
1881,195,3,72,6,369,19,60
1882,195,3,73,3,372,1,30
1883,195,3,74,3,375,0,30
1884,195,3,75,3,378,0,30
1885,195,3,76,2,380,0,20
1886,195,3,77,3,383,2,30
1887,195,3,78,5,388,0,50
1888,195,3,79,9,397,0,90
1889,195,3,80,9,406,0,90
1890,195,3,81,5,411,0,50
1891,195,3,82,5,416,16,50
1892,195,3,83,2,418,0,20
1893,195,3,84,3,421,3,30
1894,195,3,85,5,426,2,50
1895,195,3,86,4,430,2,40
1896,195,3,87,8,438,3,80
1897,195,3,88,7,445,2,70
1898,195,3,89,4,449,1,40
1899,195,3,90,3,452,0,30
1900,195,3,91,8,460,0,80
1901,195,3,92,2,462,0,20
1902,195,3,93,2,464,5,20
1903,195,3,94,7,471,0,70
1904,195,3,95,4,475,0,40
1905,195,3,96,4,479,0,40
1906,195,3,97,6,485,0,60
1907,195,3,98,3,488,0,30
1908,195,3,99,4,492,0,40
1909,195,3,100,2,494,20,20
1910,195,3,101,3,497,1,30
1911,195,3,102,3,500,2,30
1912,195,3,103,8,508,5,80
1913,195,3,104,7,515,0,70
1914,195,3,105,4,519,0,40
1915,195,3,106,7,526,0,70
1916,195,3,107,5,531,0,50
1917,195,3,108,2,533,0,20
1918,195,3,109,8,541,0,80
1919,195,3,110,9,550,0,90
1920,195,3,111,6,556,29,60
1921,195,3,112,8,564,5,80
1922,195,3,113,7,571,0,70
1923,195,3,114,2,573,0,20
1924,195,3,115,3,576,0,30
1925,195,3,116,7,583,0,70
1926,195,3,117,8,591,0,80
1927,195,3,118,4,595,0,40
1928,195,3,119,3,598,0,30
1929,195,3,120,6,604,0,60
1930,195,3,121,3,607,21,30
1931,195,3,122,5,612,1,50
1932,195,3,123,6,618,2,60
1933,195,3,124,2,620,0,20
1934,195,3,125,2,622,0,20
1935,195,3,126,4,626,3,40
1936,195,3,127,8,634,5,80
1937,195,3,128,7,641,6,70
1938,195,3,129,4,645,0,40
1939,195,3,130,8,653,3,80
1940,195,3,131,5,658,3,50
1941,195,3,132,3,661,0,30
1942,195,3,133,6,667,7,60
1943,195,3,134,8,675,0,80
1944,195,3,135,8,683,0,80
1945,195,3,136,9,692,16,90
1946,195,3,137,9,701,0,90
1947,195,3,138,5,706,0,50
1948,195,3,139,8,714,10,80
1949,195,3,140,3,717,0,30
1950,195,3,141,7,724,0,70
1951,195,3,142,7,731,0,70
1952,195,3,143,3,734,10,30
1953,195,3,144,6,740,2,60
1954,195,3,145,8,748,4,80
1955,195,3,146,2,750,0,20
1956,195,3,147,8,758,0,80
1957,195,3,148,9,767,14,90
1958,195,3,149,7,774,7,70
1959,195,3,150,3,777,0,30
1960,195,3,151,9,786,0,90
1961,195,3,152,5,791,0,50
1962,195,3,153,3,794,0,30
1963,195,3,154,7,801,12,70
1964,195,3,155,7,808,0,70
1965,195,3,156,6,814,0,60
1966,195,3,157,7,821,9,70
1967,195,3,158,6,827,0,60
1968,195,3,159,3,830,7,30
1969,195,3,160,7,837,8,70
1970,195,3,161,9,846,0,90
1971,195,3,162,9,855,11,90
1972,195,3,163,5,860,0,50
1973,195,3,164,8,868,0,80
1974,195,3,165,8,876,18,80
1975,195,3,166,7,883,0,70
1976,195,3,167,4,887,0,40
1977,195,3,168,2,889,9,20
1978,195,3,169,9,898,0,90
1979,195,3,170,9,907,0,90
1980,195,3,171,3,910,0,30
1981,195,3,172,5,915,0,50
1982,195,3,173,7,922,14,70
1983,195,3,174,2,924,0,20
1984,195,3,175,3,927,0,30
1985,195,3,176,5,932,1,50
1986,195,3,177,7,939,0,70
1987,195,3,178,3,942,0,30
1988,195,3,179,5,947,0,50
1989,195,3,180,8,955,11,80
1990,195,3,181,5,960,0,50
1991,195,3,182,4,964,3,40
1992,195,3,183,3,967,1,30
1993,195,3,184,7,974,0,70
1994,195,3,185,8,982,1,80
1995,195,3,186,6,988,1,60
1996,195,3,187,3,991,0,30
1997,195,3,188,9,1000,4,90
1998,195,3,189,2,1002,2,20
1999,195,3,190,2,1004,0,20
2000,195,3,191,3,1007,0,30
2001,195,3,192,2,1009,0,20
2002,195,3,193,6,1015,0,60
2003,195,3,194,5,1020,0,50
2004,195,3,195,3,1023,14,30
2005,195,3,196,4,1027,6,40
2006,195,3,197,6,1033,2,60
2007,195,3,198,9,1042,0,90
2008,195,3,199,2,1044,0,20
2009,195,3,200,9,1053,0,90
2010,195,3,201,2,1055,10,20
2011,195,3,202,9,1064,0,90
2012,195,3,203,3,1067,0,30
2013,195,3,204,4,1071,14,40
2014,195,3,205,9,1080,3,90
2015,195,3,206,9,1089,2,90
2016,195,3,207,8,1097,3,80
2017,195,3,208,6,1103,0,60
2018,195,3,209,8,1111,0,80
2019,195,3,210,2,1113,9,20
2020,195,3,211,8,1121,0,80
2021,195,3,212,2,1123,0,20
2022,195,3,213,4,1127,9,40
2023,195,3,214,7,1134,0,70
2024,195,3,215,4,1138,6,40
2025,195,3,216,5,1143,0,50
2026,195,3,217,3,1146,1,30
2027,195,3,218,9,1155,1,90
2028,195,3,219,5,1160,0,50
2029,195,3,220,4,1164,6,40
2030,195,3,221,3,1167,0,30
2031,195,3,222,8,1175,8,80
2032,195,3,223,4,1179,0,40
2033,195,3,224,4,1183,0,40
2034,195,3,225,4,1187,5,40
2035,195,3,226,6,1193,0,60
2036,195,3,227,6,1199,2,60
2037,195,3,228,4,1203,0,40
2038,195,3,229,8,1211,6,80
2039,195,3,230,2,1213,0,20
2040,195,3,231,7,1220,4,70
2041,195,3,232,8,1228,6,80
2042,195,3,233,9,1237,5,90
2043,195,3,234,5,1242,2,50
2044,195,3,235,2,1244,0,20
2045,195,3,236,6,1250,0,60
2046,195,3,237,6,1256,0,60
2047,195,3,238,5,1261,7,50
2048,195,3,239,4,1265,1,40
2049,195,3,240,3,1268,5,30
2050,195,3,241,6,1274,0,60
2051,195,3,242,4,1278,0,40
2052,195,3,243,5,1283,7,50
2053,195,3,244,5,1288,5,50
2054,195,3,245,8,1296,0,80
2055,195,3,246,9,1305,7,90
2056,195,3,247,7,1312,5,70
2057,195,3,248,4,1316,0,40
2058,195,3,249,6,1322,0,60
2059,195,3,250,9,1331,0,90
2060,195,3,251,5,1336,15,50
2061,195,3,252,3,1339,0,30
2062,195,3,253,5,1344,2,50
2063,195,3,254,3,1347,2,30
2064,195,3,255,4,1351,0,40
2065,195,3,256,2,1353,1,20
2066,195,3,257,3,1356,0,30
2067,195,3,258,3,1359,4,30
2068,195,3,259,3,1362,0,30
2069,195,3,260,8,1370,3,80
2070,195,3,261,9,1379,0,90
2071,195,3,262,4,1383,5,40
2072,195,3,263,7,1390,0,70
2073,195,3,264,5,1395,0,50
2074,195,3,265,5,1400,6,50
2075,195,3,266,7,1407,8,70
2076,195,3,267,7,1414,0,70
2077,195,3,268,9,1423,10,90
2078,195,3,269,7,1430,0,70
2079,195,3,270,2,1432,0,20
2080,195,3,271,9,1441,0,90
2081,195,3,272,8,1449,11,80
2082,195,3,273,5,1454,0,50
2083,195,3,274,3,1457,1,30
2084,195,3,275,7,1464,3,70
2085,195,3,276,2,1466,1,20
2086,195,3,277,2,1468,0,20
2087,195,3,278,4,1472,5,40
2088,195,3,279,3,1475,0,30
2089,195,3,280,5,1480,1,50
2090,195,3,281,5,1485,3,50
2091,195,3,282,4,1489,0,40
2092,195,3,283,4,1493,2,40
2093,195,3,284,5,1498,0,50
2094,195,3,285,2,1500,0,20
2095,195,3,286,7,1507,13,70
2096,195,3,287,3,1510,2,30
2097,195,3,288,2,1512,0,20
2098,195,3,289,6,1518,0,60
2099,195,3,290,7,1525,5,70
2100,195,3,291,3,1528,0,30
2101,195,3,292,9,1537,5,90
2102,195,3,293,6,1543,0,60
2103,195,3,294,8,1551,0,80
2104,195,3,295,3,1554,0,30
2105,195,3,296,5,1559,0,50
2106,195,3,297,4,1563,12,40
2107,195,3,298,8,1571,6,80
2108,195,3,299,6,1577,0,60
2109,195,3,300,2,1579,0,20
2110,195,3,301,4,1583,0,40
2111,195,3,302,6,1589,0,60
2112,195,3,303,7,1596,0,70
2113,195,3,304,8,1604,0,80
2114,195,3,305,3,1607,18,30
2115,195,3,306,4,1611,0,40
2116,195,3,307,3,1614,3,30
2117,195,3,308,5,1619,0,50
2118,195,3,309,4,1623,0,40
2119,195,3,310,6,1629,7,60
2120,195,3,311,8,1637,2,80
2121,195,3,312,2,1639,0,20
2122,195,3,313,7,1646,9,70
2123,195,3,314,2,1648,2,20
2124,195,3,315,8,1656,3,80
2125,195,3,316,5,1661,0,50
2126,195,3,317,6,1667,0,60
2127,195,3,318,7,1674,10,70
2128,195,3,319,5,1679,0,50
2129,195,3,320,6,1685,6,60
2130,195,3,321,9,1694,6,90
2131,195,3,322,8,1702,0,80
2132,195,3,323,2,1704,0,20
2133,195,3,324,4,1708,0,40
2134,195,3,325,2,1710,0,20
2135,195,3,326,9,1719,0,90
2136,195,3,327,2,1721,15,20
2137,195,3,328,8,1729,3,80
2138,195,3,329,2,1731,1,20
2139,195,3,330,5,1736,0,50
2140,195,3,331,4,1740,0,40
2141,195,3,332,5,1745,8,50
2142,195,3,333,6,1751,6,60
2143,195,3,334,9,1760,0,90
2144,195,3,335,5,1765,0,50
2145,195,3,336,2,1767,11,20
2146,195,3,337,5,1772,2,50
2147,195,3,338,8,1780,0,80
2148,195,3,339,8,1788,12,80
2149,195,3,340,3,1791,0,30
2150,195,3,341,7,1798,0,70
2151,195,3,342,5,1803,9,50
2152,195,3,343,9,1812,3,90
2153,195,3,344,2,1814,0,20
2154,195,3,345,2,1816,0,20
2155,195,3,346,8,1824,3,80
2156,195,3,347,2,1826,1,20
2157,195,3,348,8,1834,3,80
2158,195,3,349,7,1841,0,70
2159,195,3,350,8,1849,0,80
2160,195,3,351,6,1855,8,60
2161,195,3,352,8,1863,0,80
2162,195,3,353,9,1872,0,90
2163,195,3,354,6,1878,0,60
2164,195,3,355,8,1886,9,80
2165,195,3,356,8,1894,6,80
2166,195,3,357,2,1896,0,20
2167,195,3,358,5,1901,0,50
2168,195,3,359,4,1905,3,40
2169,195,3,360,9,1914,0,90
2170,195,3,361,8,1922,6,80
2171,195,3,362,3,1925,0,30
2172,195,3,363,4,1929,0,40
2173,195,3,364,3,1932,3,30
2174,195,3,365,7,1939,0,70
2175,195,3,366,5,1944,0,50
2176,195,3,367,9,1953,0,90
2177,195,3,368,9,1962,0,90
2178,195,3,369,2,1964,0,20
2179,195,3,370,8,1972,0,80
2180,195,3,371,5,1977,23,50
2181,195,3,372,4,1981,0,40
2182,195,3,373,5,1986,0,50
2183,195,3,374,8,1994,7,80
2184,195,3,375,6,2000,3,60
2185,195,3,376,2,2002,1,20
2186,195,3,377,2,2004,0,20
2187,195,3,378,4,2008,0,40
2188,195,3,379,6,2014,0,60
2189,195,3,380,9,2023,0,90
2190,195,3,381,7,2030,0,70
2191,195,3,382,9,2039,23,90
2192,195,3,383,7,2046,5,70
2193,195,3,384,2,2048,0,20
2194,195,3,385,5,2053,1,50
2195,195,3,386,8,2061,0,80
2196,195,3,387,2,2063,8,20
2197,195,3,388,6,2069,0,60
2198,195,3,389,3,2072,0,30
2199,195,3,390,3,2075,2,30
2200,195,3,391,2,2077,1,20
2201,195,3,392,2,2079,0,20
2202,195,3,393,3,2082,6,30
2203,195,3,394,8,2090,0,80
2204,195,3,395,9,2099,0,90
2205,195,3,396,9,2108,0,90
2206,195,3,397,6,2114,11,60
2207,195,3,398,5,2119,0,50
2208,195,3,399,2,2121,7,20
2209,195,3,400,4,2125,0,40
2210,195,3,401,8,2133,5,80
2211,195,3,402,6,2139,3,60
2212,195,3,403,3,2142,6,30
2213,195,3,404,8,2150,0,80
2214,195,3,405,7,2157,8,70
2215,195,3,406,5,2162,1,50
2216,195,3,407,4,2166,0,40
2217,195,3,408,4,2170,4,40
2218,195,3,409,6,2176,0,60
2219,195,3,410,2,2178,0,20
2220,195,3,411,8,2186,0,80
2221,195,3,412,9,2195,14,90
2222,195,3,413,5,2200,0,50
2223,195,3,414,3,2203,0,30
2224,195,3,415,8,2211,10,80
2225,195,3,416,6,2217,0,60
2226,195,3,417,5,2222,8,50
2227,195,3,418,4,2226,1,40
2228,195,3,419,2,2228,2,20
2229,195,3,420,2,2230,0,20
2230,195,3,421,6,2236,0,60
2231,195,3,422,7,2243,0,70
2232,195,3,423,6,2249,15,60
2233,195,3,424,3,2252,0,30
2234,195,3,425,8,2260,6,80
2235,195,3,426,8,2268,0,80
2236,195,3,427,6,2274,0,60
2237,195,3,428,9,2283,12,90
2238,195,3,429,7,2290,3,70
2239,195,3,430,3,2293,0,30
2240,195,3,431,8,2301,7,80
2241,195,3,432,7,2308,3,70
2242,195,3,433,9,2317,0,90
2243,195,3,434,9,2326,10,90
2244,195,3,435,2,2328,0,20
2245,195,3,436,9,2337,4,90
2246,195,3,437,4,2341,1,40
2247,195,3,438,6,2347,0,60
2248,195,3,439,8,2355,0,80
2249,195,3,440,3,2358,11,30
2250,195,3,441,4,2362,3,40
2251,195,3,442,9,2371,5,90
2252,195,3,443,4,2375,3,40
2253,195,3,444,6,2381,0,60
2254,195,3,445,7,2388,4,70
2255,195,3,446,2,2390,0,20
2256,195,3,447,3,2393,0,30
2257,195,3,448,3,2396,3,30
2258,195,3,449,8,2404,0,80
2259,195,3,450,4,2408,0,40
2260,195,3,451,4,2412,0,40
2261,195,3,452,8,2420,0,80
2262,195,3,453,7,2427,18,70
2263,195,3,454,7,2434,8,70
2264,195,3,455,6,2440,5,60
2265,195,3,456,9,2449,5,90
2266,195,3,457,3,2452,0,30
2267,195,3,458,5,2457,0,50
2268,195,3,459,4,2461,7,40
2269,195,3,460,2,2463,0,20
2270,195,3,461,4,2467,0,40
2271,195,3,462,6,2473,0,60
2272,195,3,463,5,2478,3,50
2273,195,3,464,2,2480,2,20
2274,195,3,465,6,2486,0,60
2275,195,3,466,4,2490,3,40
2276,195,3,467,4,2494,0,40
2277,195,3,468,2,2496,0,20
2278,195,3,469,6,2502,7,60
2279,195,3,470,8,2510,4,80
2280,195,3,471,4,2514,0,40
2281,195,3,472,3,2517,0,30
2282,195,3,473,6,2523,0,60
2283,195,3,474,7,2530,0,70
2284,195,3,475,7,2537,0,70
2285,195,3,476,8,2545,0,80
2286,195,3,477,8,2553,0,80
2287,195,3,478,2,2555,0,20
2288,195,3,479,9,2564,34,90
2289,195,3,480,7,2571,0,70
2290,195,3,481,8,2579,0,80
2291,195,3,482,8,2587,7,80
2292,195,3,483,6,2593,3,60
2293,195,3,484,7,2600,0,70
2294,195,3,485,9,2609,10,90
2295,195,3,486,2,2611,3,20
2296,195,3,487,5,2616,0,50
2297,195,3,488,7,2623,0,70
2298,195,3,489,8,2631,0,80
2299,195,3,490,4,2635,0,40
2300,195,3,491,8,2643,23,80
2301,195,3,492,9,2652,0,90
2302,195,3,493,8,2660,13,80
2303,195,3,494,7,2667,0,70
2304,195,3,495,5,2672,4,50
2305,195,3,496,2,2674,2,20
2306,195,3,497,8,2682,0,80
2307,195,3,498,9,2691,7,90
2308,195,3,499,6,2697,5,60
2309,195,3,500,4,2701,0,40
2310,195,3,501,4,2705,0,40
2311,195,3,502,8,2713,0,80
2312,195,3,503,8,2721,6,80
2313,195,3,504,8,2729,0,80
2314,195,3,505,3,2732,5,30
2315,195,3,506,5,2737,0,50
2316,195,3,507,2,2739,2,20
2317,195,3,508,6,2745,0,60
2318,195,3,509,6,2751,12,60
2319,195,3,510,5,2756,0,50
2320,195,3,511,9,2765,8,90
2321,195,3,512,9,2774,0,90
2322,195,3,513,9,2783,13,90
2323,195,3,514,9,2792,7,90
2324,195,3,515,9,2801,4,90
2325,195,3,516,6,2807,0,60
2326,195,3,517,9,2816,0,90
2327,195,3,518,8,2824,0,80
2328,195,3,519,7,2831,0,70
2329,195,3,520,6,2837,10,60
2330,195,3,521,6,2843,0,60
2331,195,3,522,7,2850,0,70
2332,195,3,523,8,2858,0,80
2333,195,3,524,8,2866,0,80
2334,195,3,525,2,2868,0,20
2335,195,3,526,8,2876,0,80
2336,195,3,527,6,2882,29,60
2337,195,3,528,6,2888,0,60
2338,195,3,529,8,2896,0,80
2339,195,3,530,4,2900,0,40
2340,195,3,531,6,2906,9,60
2341,195,3,532,8,2914,0,80
2342,195,3,533,7,2921,0,70
2343,195,3,534,3,2924,9,30
2344,195,3,535,7,2931,0,70
2345,195,3,536,2,2933,0,20
2346,195,3,537,5,2938,0,50
2347,195,3,538,5,2943,7,50
2348,195,3,539,8,2951,5,80
2349,195,3,540,3,2954,0,30
2350,195,3,541,3,2957,6,30
2351,195,3,542,3,2960,0,30
2352,195,3,543,3,2963,0,30
2353,195,3,544,5,2968,0,50
2354,195,3,545,5,2973,0,50
2355,195,3,546,9,2982,0,90
2356,195,3,547,6,2988,22,60
2357,195,3,548,8,2996,0,80
2358,195,3,549,5,3001,0,50
2359,195,3,550,2,3003,0,20
2360,195,3,551,4,3007,0,40
2361,195,3,552,3,3010,0,30
2362,195,3,553,8,3018,0,80
2363,195,3,554,5,3023,0,50
2364,195,3,555,8,3031,23,80
2365,195,3,556,9,3040,0,90
2366,195,3,557,8,3048,10,80
2367,195,3,558,9,3057,5,90
2368,195,3,559,9,3066,3,90
2369,195,3,560,9,3075,0,90
2370,195,3,561,3,3078,3,30
2371,195,3,562,3,3081,0,30
2372,195,3,563,7,3088,3,70
2373,195,3,564,8,3096,0,80
2374,195,3,565,2,3098,5,20
2375,195,3,566,2,3100,0,20
2376,195,3,567,6,3106,0,60
2377,195,3,568,9,3115,0,90
2378,195,3,569,6,3121,12,60
2379,195,3,570,7,3128,0,70
2380,195,3,571,3,3131,0,30
2381,195,3,572,7,3138,10,70
2382,195,3,573,4,3142,0,40
2383,195,3,574,2,3144,0,20
2384,195,3,575,9,3153,0,90
2385,195,3,576,8,3161,0,80
2386,195,3,577,3,3164,0,30
2387,195,3,578,8,3172,18,80
2388,195,3,579,2,3174,1,20
2389,195,3,580,9,3183,0,90
2390,195,3,581,6,3189,0,60
2391,195,3,582,8,3197,7,80
2392,195,3,583,6,3203,6,60
2393,195,3,584,2,3205,0,20
2394,195,3,585,2,3207,0,20
2395,195,3,586,3,3210,0,30
2396,195,3,587,6,3216,0,60
2397,195,3,588,2,3218,0,20
2398,195,3,589,4,3222,0,40
2399,195,3,590,2,3224,11,20
2400,195,3,591,7,3231,0,70
2401,195,3,592,5,3236,0,50
2402,195,3,593,9,3245,0,90
2403,195,3,594,2,3247,12,20
2404,195,3,595,5,3252,0,50
2405,195,3,596,7,3259,7,70
2406,195,3,597,4,3263,0,40
2407,195,3,598,4,3267,0,40
2408,195,3,599,5,3272,0,50
2409,195,3,600,9,3281,8,90
2410,195,3,601,9,3290,2,90
2411,195,3,602,6,3296,0,60
2412,195,3,603,6,3302,3,60
2413,195,3,604,6,3308,0,60
2414,195,3,605,4,3312,4,40
2415,195,3,606,4,3316,0,40
2416,195,3,607,9,3325,0,90
2417,195,3,608,8,3333,0,80
2418,195,3,609,9,3342,0,90
2419,195,3,610,6,3348,18,60
2420,195,3,611,8,3356,0,80
2421,195,3,612,6,3362,0,60
2422,195,3,613,4,3366,7,40
2423,195,3,614,8,3374,5,80
2424,195,3,615,9,3383,0,90
2425,195,3,616,2,3385,0,20
2426,195,3,617,6,3391,12,60
2427,195,3,618,4,3395,0,40
2428,195,3,619,9,3404,8,90
2429,195,3,620,7,3411,0,70
2430,195,3,621,4,3415,0,40
2431,195,3,622,7,3422,7,70
2432,195,3,623,3,3425,1,30
2433,195,3,624,3,3428,0,30
2434,195,3,625,3,3431,0,30
2435,195,3,626,7,3438,8,70
2436,195,3,627,8,3446,0,80
2437,195,3,628,6,3452,10,60
2438,195,3,629,9,3461,0,90
2439,195,3,630,3,3464,0,30
2440,195,3,631,3,3467,0,30
2441,195,3,632,5,3472,0,50
2442,195,3,633,9,3481,0,90
2443,195,3,634,5,3486,0,50
2444,195,3,635,9,3495,0,90
2445,195,3,636,8,3503,0,80
2446,195,3,637,5,3508,0,50
2447,195,3,638,7,3515,0,70
2448,195,3,639,8,3523,37,80
2449,195,3,640,6,3529,1,60
2450,195,3,641,7,3536,1,70
2451,195,3,642,2,3538,0,20
2452,195,3,643,5,3543,5,50
2453,195,3,644,4,3547,1,40
2454,195,3,645,8,3555,3,80
2455,195,3,646,6,3561,3,60
2456,195,3,647,4,3565,2,40
2457,195,3,648,3,3568,0,30
2458,195,3,649,5,3573,3,50
2459,195,3,650,5,3578,2,50
2460,195,3,651,7,3585,0,70
2461,195,3,652,3,3588,7,30
2462,195,3,653,8,3596,0,80
2463,195,3,654,4,3600,9,40
2464,195,3,655,9,3609,0,90
2465,195,3,656,3,3612,0,30
2466,195,3,657,5,3617,0,50
2467,195,3,658,4,3621,14,40
2468,195,3,659,4,3625,1,40
2469,195,3,660,3,3628,2,30
2470,195,3,661,3,3631,0,30
2471,195,3,662,8,3639,9,80
2472,195,3,663,5,3644,2,50
2473,195,3,664,2,3646,0,20
2474,195,3,665,5,3651,0,50
2475,195,3,666,2,3653,0,20
2476,195,3,667,7,3660,0,70
2477,195,3,668,7,3667,21,70
2478,195,3,669,8,3675,3,80
2479,195,3,670,5,3680,0,50
2480,195,3,671,4,3684,0,40
2481,195,3,672,3,3687,4,30
2482,195,3,673,4,3691,0,40
2483,195,3,674,5,3696,0,50
2484,195,3,675,7,3703,0,70
2485,195,3,676,6,3709,10,60
2486,195,3,677,8,3717,6,80
2487,195,3,678,3,3720,3,30
2488,195,3,679,7,3727,5,70
2489,195,3,680,5,3732,3,50
2490,195,3,681,4,3736,0,40
2491,195,3,682,6,3742,5,60
2492,195,3,683,3,3745,0,30
2493,195,3,684,6,3751,0,60
2494,195,3,685,6,3757,0,60
2495,195,3,686,7,3764,0,70
2496,195,3,687,5,3769,0,50
2497,195,3,688,4,3773,18,40
2498,195,3,689,7,3780,3,70
2499,195,3,690,3,3783,0,30
2500,195,3,691,5,3788,0,50
2501,195,3,692,4,3792,0,40
2502,195,3,693,5,3797,0,50
2503,195,3,694,8,3805,0,80
2504,195,3,695,7,3812,0,70
2505,195,3,696,7,3819,23,70
2506,195,3,697,8,3827,3,80
2507,195,3,698,3,3830,0,30
2508,195,3,699,6,3836,0,60
2509,195,3,700,9,3845,8,90
2510,195,3,701,2,3847,0,20
2511,195,3,702,3,3850,0,30
2512,195,3,703,5,3855,0,50
2513,195,3,704,7,3862,7,70
2514,195,3,705,7,3869,0,70
2515,195,3,706,5,3874,0,50
2516,195,3,707,8,3882,0,80
2517,195,3,708,9,3891,0,90
2518,195,3,709,9,3900,15,90
2519,195,3,710,3,3903,1,30
2520,195,3,711,6,3909,1,60
2521,195,3,712,3,3912,0,30
2522,195,3,713,5,3917,0,50
2523,195,3,714,2,3919,6,20
2524,195,3,715,2,3921,1,20
2525,195,3,716,9,3930,0,90
2526,195,3,717,5,3935,0,50
2527,195,3,718,3,3938,12,30
2528,195,3,719,4,3942,0,40
2529,195,3,720,4,3946,0,40
2530,195,3,721,4,3950,0,40
2531,195,3,722,3,3953,11,30
2532,195,3,723,7,3960,6,70
2533,195,3,724,5,3965,0,50
2534,195,3,725,4,3969,3,40
2535,195,3,726,6,3975,6,60
2536,195,3,727,7,3982,0,70
2537,195,3,728,8,3990,7,80
2538,195,3,729,9,3999,1,90
2539,195,3,730,9,4008,2,90
2540,195,3,731,6,4014,4,60
2541,195,3,732,8,4022,0,80
2542,195,3,733,8,4030,0,80
2543,195,3,734,2,4032,0,20
2544,195,3,735,9,4041,14,90
2545,195,3,736,3,4044,0,30
2546,195,3,737,4,4048,3,40
2547,195,3,738,6,4054,0,60
2548,195,3,739,3,4057,0,30
2549,195,3,740,4,4061,8,40
2550,195,3,741,3,4064,0,30
2551,195,3,742,3,4067,4,30
2552,195,3,743,9,4076,0,90
2553,195,3,744,8,4084,0,80
2554,195,3,745,6,4090,0,60
2555,195,3,746,5,4095,0,50
2556,195,3,747,6,4101,0,60
2557,195,3,748,2,4103,15,20
2558,195,3,749,6,4109,2,60
2559,195,3,750,8,4117,3,80
2560,195,3,751,5,4122,3,50
2561,195,3,752,5,4127,0,50
2562,195,3,753,9,4136,0,90
2563,195,3,754,6,4142,6,60
2564,195,3,755,3,4145,0,30
2565,195,3,756,5,4150,5,50
2566,195,3,757,2,4152,0,20
2567,195,3,758,2,4154,0,20
2568,195,3,759,6,4160,0,60
2569,195,3,760,5,4165,6,50
2570,195,3,761,3,4168,0,30
2571,195,3,762,2,4170,0,20
2572,195,3,763,5,4175,0,50
2573,195,3,764,9,4184,10,90
2574,195,3,765,8,4192,9,80
2575,195,3,766,8,4200,5,80
2576,195,3,767,8,4208,4,80
2577,195,3,768,6,4214,0,60
2578,195,3,769,2,4216,0,20
2579,195,3,770,3,4219,6,30
2580,195,3,771,4,4223,0,40
2581,195,3,772,7,4230,6,70
2582,195,3,773,2,4232,1,20
2583,195,3,774,3,4235,0,30
2584,195,3,775,7,4242,0,70
2585,195,3,776,2,4244,0,20
2586,195,3,777,2,4246,0,20
2587,195,3,778,5,4251,0,50
2588,195,3,779,3,4254,0,30
2589,195,3,780,6,4260,0,60
2590,195,3,781,2,4262,14,20
2591,195,3,782,6,4268,0,60
2592,195,3,783,2,4270,0,20
2593,195,3,784,4,4274,0,40
2594,195,3,785,9,4283,5,90
2595,195,3,786,7,4290,7,70
2596,195,3,787,5,4295,3,50
2597,195,3,788,4,4299,0,40
2598,195,3,789,4,4303,0,40
2599,195,3,790,8,4311,11,80
2600,195,3,791,2,4313,0,20
2601,195,3,792,9,4322,0,90
2602,195,3,793,6,4328,9,60
2603,195,3,794,5,4333,0,50
2604,195,3,795,9,4342,0,90
2605,195,3,796,8,4350,0,80
2606,195,3,797,5,4355,8,50
2607,195,3,798,6,4361,0,60
2608,195,3,799,3,4364,1,30
2609,195,3,800,8,4372,4,80
2610,195,3,801,5,4377,0,50
2611,195,3,802,2,4379,3,20
2612,195,3,803,7,4386,5,70
2613,195,3,804,3,4389,1,30
2614,195,3,805,4,4393,0,40
2615,195,3,806,8,4401,0,80
2616,195,3,807,9,4410,12,90
2617,195,3,808,4,4414,0,40
2618,195,3,809,8,4422,0,80
2619,195,3,810,9,4431,9,90
2620,195,3,811,4,4435,3,40
2621,195,3,812,7,4442,0,70
2622,195,3,813,7,4449,0,70
2623,195,3,814,3,4452,6,30
2624,195,3,815,3,4455,0,30
2625,195,3,816,7,4462,0,70
2626,195,3,817,7,4469,15,70
2627,195,3,818,5,4474,0,50
2628,195,3,819,7,4481,0,70
2629,195,3,820,6,4487,6,60
2630,195,3,821,8,4495,2,80
2631,195,3,822,5,4500,0,50
2632,195,3,823,3,4503,0,30
2633,195,3,824,2,4505,0,20
2634,195,3,825,4,4509,11,40
2635,195,3,826,8,4517,2,80
2636,195,3,827,4,4521,3,40
2637,195,3,828,7,4528,0,70
2638,195,3,829,9,4537,0,90
2639,195,3,830,5,4542,14,50
2640,195,3,831,5,4547,0,50
2641,195,3,832,7,4554,0,70
2642,195,3,833,4,4558,0,40
2643,195,3,834,9,4567,10,90
2644,195,3,835,8,4575,0,80
2645,195,3,836,8,4583,0,80
2646,195,3,837,5,4588,0,50
2647,195,3,838,2,4590,6,20
2648,195,3,839,3,4593,2,30
2649,195,3,840,4,4597,4,40
2650,195,3,841,4,4601,0,40
2651,195,3,842,2,4603,0,20
2652,195,3,843,6,4609,0,60
2653,195,3,844,4,4613,0,40
2654,195,3,845,4,4617,13,40
2655,195,3,846,3,4620,0,30
2656,195,3,847,9,4629,0,90
2657,195,3,848,8,4637,11,80
2658,195,3,849,8,4645,0,80
2659,195,3,850,5,4650,0,50
2660,195,3,851,2,4652,11,20
2661,195,3,852,5,4657,0,50
2662,195,3,853,6,4663,6,60
2663,195,3,854,7,4670,3,70
2664,195,3,855,4,4674,2,40
2665,195,3,856,9,4683,0,90
2666,195,3,857,5,4688,10,50
2667,195,3,858,5,4693,0,50
2668,195,3,859,7,4700,6,70
2669,195,3,860,7,4707,0,70
2670,195,3,861,6,4713,5,60
2671,195,3,862,5,4718,2,50
2672,195,3,863,9,4727,5,90
2673,195,3,864,3,4730,0,30
2674,195,3,865,3,4733,4,30
2675,195,3,866,2,4735,1,20
2676,195,3,867,7,4742,0,70
2677,195,3,868,6,4748,0,60
2678,195,3,869,4,4752,0,40
2679,195,3,870,7,4759,0,70
2680,195,3,871,2,4761,7,20
2681,195,3,872,8,4769,6,80
2682,195,3,873,7,4776,3,70
2683,195,3,874,9,4785,0,90
2684,195,3,875,3,4788,2,30
2685,195,3,876,2,4790,1,20
2686,195,3,877,7,4797,0,70
2687,195,3,878,6,4803,5,60
2688,195,3,879,7,4810,1,70
2689,195,3,880,5,4815,4,50
2690,195,3,881,5,4820,0,50
2691,195,3,882,7,4827,0,70
2692,195,3,883,2,4829,0,20
2693,195,3,884,6,4835,9,60
2694,195,3,885,8,4843,0,80
2695,195,3,886,9,4852,0,90
2696,195,3,887,6,4858,0,60
2697,195,3,888,3,4861,0,30
2698,195,3,889,7,4868,16,70
2699,195,3,890,9,4877,0,90
2700,195,3,891,3,4880,0,30
2701,195,3,892,7,4887,0,70
2702,195,3,893,2,4889,0,20
2703,195,3,894,6,4895,12,60
2704,195,3,895,6,4901,3,60
2705,195,3,896,4,4905,3,40
2706,195,3,897,9,4914,0,90
2707,195,3,898,4,4918,5,40
2708,195,3,899,7,4925,0,70
2709,195,3,900,5,4930,6,50
2710,195,3,901,6,4936,0,60
2711,195,3,902,8,4944,0,80
2712,195,3,903,7,4951,13,70
2713,195,3,904,5,4956,2,50
2714,195,3,905,7,4963,0,70
2715,195,3,906,7,4970,0,70
2716,195,3,907,7,4977,0,70
2717,195,3,908,4,4981,12,40
2718,195,3,909,2,4983,0,20
2719,195,3,910,4,4987,1,40
2720,195,3,911,3,4990,0,30
2721,195,3,912,4,4994,0,40
